11.0 11.0
100
0.5 0.5 0.34252398017497654 0.39527280173099005 r 
1.5 0.5 0.43668483983507794 0.5690132109044719 y 
2.5 0.5 0.11324465738886934 0.5923154130445061 y 
3.5 0.5 0.1322555821926478 0.9104376426626465 g 
4.5 0.5 0.12475655206692343 0.9220906946176288 r 
5.5 0.5 0.26653386422330894 0.316125091847438 y 
6.5 0.5 0.4426235688995784 0.6781531808230195 y 
7.5 0.5 0.19043292950866705 0.78605213600906 b 
8.5 0.5 0.21134187598016585 0.9086201578214217 b 
9.5 0.5 0.2424147419962689 0.7780907685156401 g 
10.5 0.5 0.40169379270524064 0.9850517809976552 g 
0.5 1.5 0.31039904449927264 0.45938464199685736 r 
1.5 1.5 0.3696573787853761 0.8989065222923905 y 
2.5 1.5 0.38053419525800414 0.5421917567263959 y 
3.5 1.5 0.19168849538216515 0.618415682028002 y 
4.5 1.5 0.4868724172496561 0.5919054428750162 r 
5.5 1.5 0.10159824582341694 0.9327144317264268 g 
6.5 1.5 0.11064174604172587 0.8131119806284541 g 
7.5 1.5 0.36996099638463187 0.7129682412546091 g 
8.5 1.5 0.24478083604683756 0.4515309543252033 y 
9.5 1.5 0.39230994346970965 0.7737798401473027 b 
10.5 1.5 0.2579192410060996 0.6507058918810429 r 
0.5 2.5 0.39940784685645475 0.7739481929959646 y 
1.5 2.5 0.04059206104526907 0.5230170517448384 b 
2.5 2.5 0.11163162270676757 0.17377955077270046 g 
3.5 2.5 0.4700889985737344 0.8792801344686658 r 
4.5 2.5 0.4371455717774281 0.8848656848197354 b 
5.5 2.5 0.1939586021523923 0.2406022240795348 g 
6.5 2.5 0.06137698426026389 0.7815932569243111 g 
7.5 2.5 0.14791625451553111 0.5912285436112712 r 
8.5 2.5 0.046273933039505624 0.4215163207049525 r 
9.5 2.5 0.09564570272852019 0.7791615874901539 b 
10.5 2.5 0.403618690929098 0.4747808443402722 b 
0.5 3.5 0.3285771390185688 0.7656573209816595 g 
1.5 3.5 0.38296020768824995 0.4671176339838832 y 
2.5 3.5 0.03205161128122318 0.5468064860158649 b 
3.5 3.5 0.204272647421129 0.21234557309090946 y 
4.5 3.5 0.46517662926052766 0.9909325613246218 b 
5.5 3.5 0.463059241008457 0.6526931262109819 y 
6.5 3.5 0.039332428652960605 0.9378200781870214 r 
7.5 3.5 0.2655165419843967 0.7131415627891009 r 
8.5 3.5 0.4361037784732155 0.632231848197502 b 
9.5 3.5 0.3464530753826669 0.9020164394582447 b 
10.5 3.5 0.04410864467164921 0.9040281801224834 b 
0.5 4.5 0.08684722122920113 0.6588788012997799 b 
1.5 4.5 0.10725883373515378 0.8863407468139235 r 
2.5 4.5 0.4568147633870535 0.6940720232342865 g 
3.5 4.5 0.4903910455145891 0.6396536919975832 g 
4.5 4.5 0.3012133076646936 0.46737804150995343 b 
5.5 4.5 0.3116110261161791 0.9329056624508977 y 
6.5 4.5 0.33079539968454136 0.9543541458845024 y 
7.5 4.5 0.4681804725374149 0.7224433639988264 y 
8.5 4.5 0.14188965510409676 0.832697908268286 r 
9.5 4.5 0.2704655131238149 0.8317470826905011 g 
10.5 4.5 0.3050772674701676 0.8477944867783057 g 
0.5 5.5 0.10216515603920973 0.9375760466820954 r 
1.5 5.5 0.24123155029146182 0.5881989554053053 g 
2.5 5.5 0.3414284549331368 0.5857260418042809 g 
3.5 5.5 0.06636359382216801 0.6371963168897851 y 
4.5 5.5 0.315084547073693 0.38353385457049743 y 
5.5 5.5 0.44170701646152405 0.4658967234571423 b 
6.5 5.5 0.16983979933673424 0.8642370026779811 b 
7.5 5.5 0.4873753650102441 0.9275456496137031 g 
8.5 5.5 0.4602082118517319 0.5745413196683647 b 
9.5 5.5 0.016611333537341132 0.7767347215176833 r 
10.5 5.5 0.09465426406970932 0.5459866509041783 r 
0.5 6.5 0.2981442088334988 0.6121364381690249 b 
1.5 6.5 0.46857855631431566 0.8398657583480587 y 
2.5 6.5 0.4454793092212698 0.8638961403955954 b 
3.5 6.5 0.35093202363707166 0.8143343394933739 b 
4.5 6.5 0.27332896776466625 0.7504015378708508 y 
5.5 6.5 0.3563075842255509 0.9371805735757572 y 
6.5 6.5 0.3216961394362719 0.5223283933550484 y 
7.5 6.5 0.029575228056243637 0.5080023060432644 y 
8.5 6.5 0.4026011305555816 0.5160496898723979 g 
9.5 6.5 0.40444994368630643 0.7683509824101762 r 
10.5 6.5 0.14534033604472568 0.34319931736679915 r 
0.5 7.5 0.3293175554414666 0.5459737201834949 y 
1.5 7.5 0.21715449351284447 0.9346104513280233 r 
2.5 7.5 0.3424789026547711 0.8422169186021188 g 
3.5 7.5 0.1074527299830729 0.24982100129075313 y 
4.5 7.5 0.22562651329402858 0.5169444518810317 g 
5.5 7.5 0.20356833954680506 0.36402142403465165 g 
6.5 7.5 0.37688255254436515 0.483755337527394 r 
7.5 7.5 0.406199326456968 0.7315573954606966 y 
8.5 7.5 0.35877773188962747 0.7069374464898422 r 
9.5 7.5 0.03921836395513914 0.5846478021385222 b 
10.5 7.5 0.3791168488388597 0.8710988844950568 b 
0.5 8.5 0.3356768434441977 0.6612963327582527 r 
1.5 8.5 0.07735537780330407 0.5001742729021711 g 
2.5 8.5 0.37646781045359257 0.4355487447453674 b 
3.5 8.5 0.26437708558766676 0.5369423721228225 b 
4.5 8.5 0.06319546676686279 0.9555916303997831 r 
5.5 8.5 0.09055029227278916 0.1930786038261827 b 
6.5 8.5 0.46642339859272625 0.6602645914784051 b 
7.5 8.5 0.1811857997195084 0.6295055794167935 g 
8.5 8.5 0.31596974772845166 0.8162636608711289 g 
9.5 8.5 0.28037781543859175 0.6029014158817865 b 
10.5 8.5 0.4952010301923156 0.6979585615578063 g 
0.5 9.5 0.3554809888752377 0.8067823003188106 y 
100
0.06358728723421488 88
0.11602517035521312 45
0.1903191913250686 95
0.232651261802167 95
0.29365299585665167 87
0.3517133697932357 58
0.40517109626110503 51
0.5267751964677584 5
0.5927491868929103 50
0.6392944006247445 50
0.7219624397991503 45
0.7731200676589238 27
0.8070670940683092 42
0.8840761400497996 45
0.948341146088318 67
1.0577656849795207 51
1.07465238249363 29
1.1976161278166992 21
1.2237611174314034 61
1.328253098633006 34
1.373939426790323 84
1.438469201842578 82
1.5246299823050815 90
1.5667433692922172 95
1.6607429694788058 16
1.6816952386712174 17
1.783509158034668 19
1.866244008035421 21
1.8949390354670899 0
1.9403408815276375 87
2.0182678101709777 63
2.099717129067116 43
2.1871840603452264 58
2.2440185755450592 2
2.31379363441986 5
2.3761214851583503 4
2.4487995590317144 71
2.4734768077549525 54
2.538268926036762 15
2.6569838623699713 51
2.690131504818377 57
2.775023182751294 34
2.80793491946279 0
2.8932589050024333 76
2.985646123562909 93
3.0156210097581817 43
3.0957872411028116 62
3.1361270329002595 97
3.208072529216786 17
3.2806831647996875 87
3.375158426400392 70
3.431229663460721 36
3.511664702760802 92
3.5824115852164455 64
3.6203296506708997 77
3.6810058689663365 73
3.7643730098272266 17
3.835479614568731 36
3.8821443463392358 7
3.9647571419340135 70
4.020922483789391 90
4.128888349422855 20
4.136667651534384 83
4.254433397814692 30
4.289650521976757 23
4.3493664609455225 4
4.429468940512567 3
4.52263583670261 75
4.553910745043084 75
4.625603325236166 57
4.724613159826121 58
4.777827404466427 72
4.841311583937506 98
4.908243577775141 99
4.974068203429579 61
5.003211160467462 59
5.117394824832104 33
5.183721654731231 51
5.265399962120451 18
5.3129543397787 0
5.339896288099188 70
5.457930214777207 53
5.506055157821384 92
5.584966306868738 51
5.6530854147387775 41
5.683774018761272 7
5.741237795857126 84
5.832305504346654 44
5.902094782526656 85
5.968363598914381 61
6.033339303565393 44
6.104308894513909 41
6.193491757748974 15
6.265911687474163 49
6.332014869648384 3
6.335647402757859 65
6.4417714912706225 95
6.471062693211611 76
6.5538638618340945 33
6.645111015712396 4
