10.0 10.0
10
0.5 0.5 0.33214947646296555 0.6503490067705794 b 
1.5 0.5 0.30960324569076786 0.5018396296168832 y 
2.5 0.5 0.3416144892381266 0.4695139987860405 g 
3.5 0.5 0.4150125805210199 0.46256049591590653 y 
4.5 0.5 0.45744221764766113 0.8462972479684235 r 
5.5 0.5 0.12075154775481314 0.5543231660151686 r 
6.5 0.5 0.2002194735627077 0.37695699680150924 g 
7.5 0.5 0.12333821564376837 0.1999859763493443 b 
8.5 0.5 0.1370616705271288 0.9148380767176059 b 
9.5 0.5 0.455136701085509 0.7412605113799473 g 
10
0.029719148852841784 0
0.08884145151715876 5
0.17109266563248915 3
0.22777223114602857 8
0.3280287293178122 3
0.3786586475239744 8
0.40425715101272675 3
0.47801174610572633 5
0.5580705582605141 4
0.6615638191634052 9
