33.0 33.0
1000
0.5 0.5 0.2030442214865655 0.49150141681360104 b 
1.5 0.5 0.4399458254020684 0.5235044904119593 g 
2.5 0.5 0.13603171923701785 0.8178910578974684 b 
3.5 0.5 0.26052104581400976 0.7316961211118183 g 
4.5 0.5 0.15097616451544543 0.9072621243525523 g 
5.5 0.5 0.34572680065276595 0.787488102355318 g 
6.5 0.5 0.21903175707083025 0.9544023861292947 r 
7.5 0.5 0.1833844076630331 0.7087034950254547 y 
8.5 0.5 0.3971646070123736 0.6742786661929392 y 
9.5 0.5 0.4667747876357943 0.5678757784241427 y 
10.5 0.5 0.38192439940357126 0.7136793093497931 g 
11.5 0.5 0.12033408853934272 0.9123168870110849 r 
12.5 0.5 0.4316533275721754 0.6672538501709717 g 
13.5 0.5 0.29511685611549365 0.963000092083621 g 
14.5 0.5 0.40121587369631617 0.41679514278912044 y 
15.5 0.5 0.42933238784222333 0.6705724121866689 b 
16.5 0.5 0.10612877354577861 0.2386228627870005 b 
17.5 0.5 0.027017753366774797 0.775938749108543 g 
18.5 0.5 0.15689997729059574 0.6407774219137247 y 
19.5 0.5 0.2185650776779071 0.9154878753667848 y 
20.5 0.5 0.36249988308016534 0.8063993554179355 r 
21.5 0.5 0.4938296241198008 0.8903502059490498 r 
22.5 0.5 0.26319622508978846 0.5391531213068979 r 
23.5 0.5 0.4875399178809708 0.8161532303890513 y 
24.5 0.5 0.08266303513669615 0.9296752067031516 r 
25.5 0.5 0.11835765145612498 0.8512726939579726 b 
26.5 0.5 0.08220497001754423 0.6183710606570165 y 
27.5 0.5 0.04853659871719479 0.5846046076484386 b 
28.5 0.5 0.41729405723771634 0.738890571433854 y 
29.5 0.5 0.3245869001200216 0.6844342829921656 b 
30.5 0.5 0.09803873921471716 0.7741613685993433 g 
31.5 0.5 0.2099582775077813 0.6054104038563981 y 
32.5 0.5 0.10442875390711319 0.34444843291709704 r 
0.5 1.5 0.08608872804791896 0.3425015279120378 r 
1.5 1.5 0.46677491605300897 0.8561584902226118 b 
2.5 1.5 0.3424362168090281 0.9640002030029751 y 
3.5 1.5 0.2628687309329295 0.5339999680481413 r 
4.5 1.5 0.4185909332999983 0.4360199880306013 g 
5.5 1.5 0.16951387926437048 0.6840289728948263 y 
6.5 1.5 0.011200908710610387 0.6629796982422963 y 
7.5 1.5 0.34468350791388497 0.5465531835561442 y 
8.5 1.5 0.23486559022312362 0.9176397226925935 y 
9.5 1.5 0.15060090940116075 0.5085669286257227 b 
10.5 1.5 0.4838345518824499 0.5354603526901224 y 
11.5 1.5 0.2796584745990993 0.9659363383952149 y 
12.5 1.5 0.012735709003800968 0.2558616873013645 b 
13.5 1.5 0.29639252415137274 0.7707260387082626 b 
14.5 1.5 0.13954809942084231 0.2068357004831543 y 
15.5 1.5 0.050125852619597434 0.8521571647360466 y 
16.5 1.5 0.21725139725476067 0.35267550248957563 r 
17.5 1.5 0.4570620239385283 0.7829984478349653 r 
18.5 1.5 0.08447281952333983 0.6376168152602063 b 
19.5 1.5 0.12066151847418512 0.9933213695416592 b 
20.5 1.5 0.026222443341468324 0.5118068513854402 y 
21.5 1.5 0.38212085282103 0.41017710640592125 y 
22.5 1.5 0.40092143759768234 0.6811000092721489 y 
23.5 1.5 0.47536139767526014 0.5763955629744446 g 
24.5 1.5 0.3697563480219921 0.9757334881307348 y 
25.5 1.5 0.1313884395910666 0.6674278284796067 y 
26.5 1.5 0.4873614747057299 0.616099593403018 r 
27.5 1.5 0.14833716763903393 0.9574561321012974 g 
28.5 1.5 0.3223340600696045 0.3518727460898389 y 
29.5 1.5 0.2259110721394584 0.46569615894964234 y 
30.5 1.5 0.019065531185517598 0.5428280872250164 r 
31.5 1.5 0.34648437758506745 0.7117529223250241 b 
32.5 1.5 0.38351293085568444 0.8259952510450759 r 
0.5 2.5 0.2561794725269666 0.3056613915658173 b 
1.5 2.5 0.15757664105140637 0.423430837010774 r 
2.5 2.5 0.23904719124435736 0.7175149134251617 y 
3.5 2.5 0.22648474900557874 0.8601696435328676 g 
4.5 2.5 0.4583256439447975 0.6523435244779019 g 
5.5 2.5 0.05467663894972655 0.7775439088851755 b 
6.5 2.5 0.07588791763222918 0.43153134813958705 b 
7.5 2.5 0.20350166419910687 0.5197661916158638 y 
8.5 2.5 0.397723283125641 0.9536963642731187 g 
9.5 2.5 0.02429986200772411 0.4104131839500042 y 
10.5 2.5 0.4863001078225092 0.9468766393532501 y 
11.5 2.5 0.14233423799492287 0.41345442543175703 y 
12.5 2.5 0.10553622204159258 0.4496849274344399 g 
13.5 2.5 0.45353223406137877 0.7571717178418673 g 
14.5 2.5 0.17659817217908963 0.34432158243603495 r 
15.5 2.5 0.1973212632897013 0.6316032624036148 r 
16.5 2.5 0.2587496345198887 0.9481289925735958 b 
17.5 2.5 0.4826168385241734 0.7710343569882766 b 
18.5 2.5 0.07726983446980171 0.318598401554933 r 
19.5 2.5 0.20374319824023732 0.24559183863262007 y 
20.5 2.5 0.48160451970360063 0.7750398932869753 b 
21.5 2.5 0.03880236745003838 0.11722996388446533 r 
22.5 2.5 0.07717134587907298 0.14097765696961023 b 
23.5 2.5 0.3318899837291591 0.8182913214559527 b 
24.5 2.5 0.434194321629752 0.6998703780412829 b 
25.5 2.5 0.021374505867229977 0.26048872189415956 g 
26.5 2.5 0.3218361812608552 0.37618574448269637 r 
27.5 2.5 0.30164467577916804 0.9369917711849949 r 
28.5 2.5 0.0573608072319527 0.5106556884728912 b 
29.5 2.5 0.13566336915334226 0.5194479232524929 r 
30.5 2.5 0.35749935087835016 0.7030879678110764 r 
31.5 2.5 0.0741694703273459 0.8336285446700433 g 
32.5 2.5 0.3765637712099004 0.42367577019449515 y 
0.5 3.5 0.27399118093872044 0.4101654198375543 y 
1.5 3.5 0.3997319630476007 0.5094771024551741 g 
2.5 3.5 0.0315178559386683 0.652570291181108 r 
3.5 3.5 0.127746957451839 0.9599435892587338 y 
4.5 3.5 0.1270862660209686 0.379569221450733 b 
5.5 3.5 0.48173909585365354 0.7503546749437711 b 
6.5 3.5 0.030020545960628107 0.5344741551508169 b 
7.5 3.5 0.30656053545474393 0.5381190873428191 r 
8.5 3.5 0.3525227564079573 0.5802369419171891 b 
9.5 3.5 0.4192822154633309 0.7720651960069107 g 
10.5 3.5 0.149074516026919 0.32917771808719676 b 
11.5 3.5 0.27684412615222637 0.8537047030577023 g 
12.5 3.5 0.18823655873394668 0.41790077852514695 r 
13.5 3.5 0.18701183906347213 0.21317071204828544 g 
14.5 3.5 0.013630053556382471 0.6084272417706819 g 
15.5 3.5 0.09276502355944918 0.23861345566314685 y 
16.5 3.5 0.08150886849772117 0.8026759738323579 b 
17.5 3.5 0.3006839065314638 0.9620668990621928 y 
18.5 3.5 0.37900436467250637 0.5295975496534466 b 
19.5 3.5 0.17122147183688355 0.8919201754324391 g 
20.5 3.5 0.12329947144587447 0.6060634218482137 g 
21.5 3.5 0.4255133976398455 0.47030453326289295 r 
22.5 3.5 0.3085906553339725 0.8864938155952111 r 
23.5 3.5 0.09136642874768694 0.40720203002183764 y 
24.5 3.5 0.2871557451905137 0.3646992337158377 b 
25.5 3.5 0.3577996297694428 0.6956621806430624 r 
26.5 3.5 0.31417490757029626 0.8255431059679306 g 
27.5 3.5 0.4477206384148421 0.9843380437239976 y 
28.5 3.5 0.16273352122315293 0.5388120936037267 r 
29.5 3.5 0.31323246403983374 0.5414165811572869 y 
30.5 3.5 0.2206705501162447 0.22296898230862533 b 
31.5 3.5 0.03319511296900853 0.824102550115883 y 
32.5 3.5 0.33925865728955346 0.5182037486561135 g 
0.5 4.5 0.18502711510952027 0.41668350174160385 b 
1.5 4.5 0.4905422116490926 0.7500182005149318 y 
2.5 4.5 0.0713319948183383 0.41389163496565445 b 
3.5 4.5 0.19095793153263146 0.8533386966161522 y 
4.5 4.5 0.4005935169554019 0.6282920099566084 b 
5.5 4.5 0.12157755250916115 0.7084309066964063 r 
6.5 4.5 0.4906313505932442 0.6194412555752062 r 
7.5 4.5 0.17792453824726168 0.280089343031374 g 
8.5 4.5 0.16995632096919677 0.753627538605129 g 
9.5 4.5 0.3962033139428396 0.98098021350318 r 
10.5 4.5 0.43242172985619565 0.5037049884428998 g 
11.5 4.5 0.30429330351029044 0.4328967048698173 g 
12.5 4.5 0.25902245566789095 0.6470194123183757 r 
13.5 4.5 0.06260211337916578 0.3227160330413698 g 
14.5 4.5 0.011350057417948076 0.6123007138861934 g 
15.5 4.5 0.4046265931316183 0.6068014010187959 r 
16.5 4.5 0.34823909756508264 0.7678217349208037 b 
17.5 4.5 0.1515068618572687 0.26770466252597835 y 
18.5 4.5 0.10023532110903814 0.12369688853125846 g 
19.5 4.5 0.40660229492387157 0.540790985150496 g 
20.5 4.5 0.23267718493944348 0.9932830767472569 g 
21.5 4.5 0.16691653981476523 0.9789031784871309 y 
22.5 4.5 0.13930795676081761 0.6334715489528459 g 
23.5 4.5 0.34740544317804406 0.44898971075571226 b 
24.5 4.5 0.16437164569722024 0.35800146323262905 y 
25.5 4.5 0.05093773267601909 0.2484355265314611 r 
26.5 4.5 0.4713312460515481 0.7752121680047455 g 
27.5 4.5 0.3155162259689593 0.4554567216049582 r 
28.5 4.5 0.426392063486949 0.7303019232261889 y 
29.5 4.5 0.30951252226055276 0.3371746351174503 g 
30.5 4.5 0.38589026159776524 0.5153356416764354 g 
31.5 4.5 0.23312736816205976 0.6108111192248963 r 
32.5 4.5 0.1109278938776457 0.30427137897217715 g 
0.5 5.5 0.20660256236509691 0.7940982676525815 g 
1.5 5.5 0.42738972438428324 0.6879762795916444 y 
2.5 5.5 0.3653856869598159 0.9781032988550408 r 
3.5 5.5 0.24925417653563603 0.967964009380921 g 
4.5 5.5 0.4242768780264124 0.5362252858829006 g 
5.5 5.5 0.4257051460338518 0.8943512304946916 b 
6.5 5.5 0.11561836067799261 0.11569116150164405 b 
7.5 5.5 0.029182363012085655 0.40091714824678715 y 
8.5 5.5 0.3075670471689864 0.9547211369567588 y 
9.5 5.5 0.22669496261413163 0.8955239385660352 g 
10.5 5.5 0.16415759892853948 0.6319722795234655 y 
11.5 5.5 0.39816125459663565 0.5341784805105367 b 
12.5 5.5 0.49853534882460515 0.5544848618576229 g 
13.5 5.5 0.46215012973724573 0.783673609705073 r 
14.5 5.5 0.09721323527321145 0.7308872545863899 b 
15.5 5.5 0.13602393583579306 0.6823386454286773 r 
16.5 5.5 0.23903201122653475 0.5284302834808706 g 
17.5 5.5 0.4775052968269135 0.6578198646789516 r 
18.5 5.5 0.28025813190572046 0.6451971461065482 r 
19.5 5.5 0.45720479455328844 0.9696339762046415 b 
20.5 5.5 0.2365369879109382 0.521021626590259 g 
21.5 5.5 0.347570799622001 0.9035998073634153 g 
22.5 5.5 0.03279243047090886 0.0377770996261622 y 
23.5 5.5 0.39558733668343726 0.6219997219286191 y 
24.5 5.5 0.11038432613465285 0.8280244547061018 r 
25.5 5.5 0.04950418433109552 0.11387942086000331 b 
26.5 5.5 0.27225027849291755 0.44303953289251846 r 
27.5 5.5 0.17677917362452936 0.25909448955162184 y 
28.5 5.5 0.04480663599498127 0.7751963606509219 g 
29.5 5.5 0.04159275323080767 0.20060550395881405 b 
30.5 5.5 0.24972480428864366 0.9964876104645568 b 
31.5 5.5 0.3891170121292665 0.8043743374794434 r 
32.5 5.5 0.47151984564265703 0.8951920148558745 b 
0.5 6.5 0.04156600418040452 0.0997889957538964 b 
1.5 6.5 0.2385370116162773 0.4302585783482411 y 
2.5 6.5 0.020936003710857062 0.9392383840111355 r 
3.5 6.5 0.06406061592463058 0.3213672911489585 g 
4.5 6.5 0.3090296174744103 0.7360676209824794 y 
5.5 6.5 0.21429284376550897 0.3006090831368563 r 
6.5 6.5 0.3632286744082429 0.6658328867585912 y 
7.5 6.5 0.35250953697526227 0.4714262105467626 g 
8.5 6.5 0.1301740174896294 0.5745876217774817 g 
9.5 6.5 0.016695146025573294 0.2073680758972491 r 
10.5 6.5 0.34268523777458404 0.6994369994685048 g 
11.5 6.5 0.08446087709984892 0.4184047549716 r 
12.5 6.5 0.055654723198414406 0.12960797177319155 r 
13.5 6.5 0.10514748339026539 0.5465840136955524 b 
14.5 6.5 0.04494614383167391 0.7471863576715624 b 
15.5 6.5 0.3726662268024951 0.8149062294785742 r 
16.5 6.5 0.3129941512581831 0.3868170970171059 y 
17.5 6.5 0.2821522953934982 0.9767649896208398 y 
18.5 6.5 0.43468820174351325 0.8361421916124662 g 
19.5 6.5 0.24337539893072038 0.3334818057736868 r 
20.5 6.5 0.0760713982487365 0.5101239081922443 r 
21.5 6.5 0.04712298093840966 0.5956787910539854 g 
22.5 6.5 0.29166734808133343 0.4423697508670944 y 
23.5 6.5 0.35136819967857036 0.3807391858520156 y 
24.5 6.5 0.1763364380809924 0.4784841768064172 y 
25.5 6.5 0.4538584441126107 0.9213179676493777 y 
26.5 6.5 0.17709469066539757 0.2596336740020906 b 
27.5 6.5 0.21751763810877034 0.7354535957185018 b 
28.5 6.5 0.3029266310406655 0.5097807636048794 r 
29.5 6.5 0.0643378203324505 0.7066386964407744 g 
30.5 6.5 0.37555029483580465 0.8511836628267452 y 
31.5 6.5 0.2946072387480963 0.7267940244188529 y 
32.5 6.5 0.203527217224284 0.2138449989986915 y 
0.5 7.5 0.18035584714237968 0.6772624001440537 r 
1.5 7.5 0.2251452587049394 0.6140100664151713 g 
2.5 7.5 0.0443555347847129 0.8116454173987758 r 
3.5 7.5 0.24078496548454859 0.8671373511273395 b 
4.5 7.5 0.24991600576684633 0.8636119448953343 b 
5.5 7.5 0.17471096869076713 0.7592923575660018 y 
6.5 7.5 0.25815260457153133 0.6368086102998537 b 
7.5 7.5 0.42356857975989676 0.8712986193167419 y 
8.5 7.5 0.15321527602073068 0.33548854849771353 b 
9.5 7.5 0.26659140398492187 0.464103564901141 r 
10.5 7.5 0.12101056683055961 0.32945876805416907 y 
11.5 7.5 0.2711143983870622 0.3037335548245903 b 
12.5 7.5 0.4108837807584782 0.9920983017505652 g 
13.5 7.5 0.01808763188341746 0.05767525566069763 g 
14.5 7.5 0.3404585648788817 0.43956019175637695 b 
15.5 7.5 0.0758776059113814 0.46917803578742545 r 
16.5 7.5 0.3361837526755934 0.5672948982715456 g 
17.5 7.5 0.01298074948167437 0.6425815033770144 b 
18.5 7.5 0.44250995349408373 0.8647471579665729 b 
19.5 7.5 0.497033243719467 0.972693202865119 g 
20.5 7.5 0.0608298084077316 0.9990682005540069 y 
21.5 7.5 0.20685142774179296 0.5271629552665184 b 
22.5 7.5 0.47599218258594134 0.6835461317119247 g 
23.5 7.5 0.4973764847228619 0.7164988491139993 r 
24.5 7.5 0.09757807368427093 0.17442750511492583 y 
25.5 7.5 0.059410674004189465 0.6877288786432483 b 
26.5 7.5 0.4452101992944678 0.9208296090097127 r 
27.5 7.5 0.3277267768032035 0.7914805753222053 r 
28.5 7.5 0.15976295164898974 0.8632233436070591 g 
29.5 7.5 0.07283116748185678 0.09604476877004718 y 
30.5 7.5 0.09251913388441294 0.8241011825660302 b 
31.5 7.5 0.16274552969701575 0.5648947958013605 r 
32.5 7.5 0.49046077977992136 0.9867074652735703 y 
0.5 8.5 0.13447313842763112 0.15664798677294356 y 
1.5 8.5 0.42547769945171865 0.8875816141744298 g 
2.5 8.5 0.4027645812239303 0.9874467160493783 y 
3.5 8.5 0.09025950511252046 0.3530493170159634 r 
4.5 8.5 0.4735704986201668 0.8437886429851572 b 
5.5 8.5 0.06405944327822141 0.5397117662023864 y 
6.5 8.5 0.11725470122435919 0.8375107609974 y 
7.5 8.5 0.40994927187340613 0.5185677066171337 r 
8.5 8.5 0.07579503197607555 0.6902724987848852 y 
9.5 8.5 0.46829228202834283 0.8630118146109089 r 
10.5 8.5 0.19593443246374578 0.42342542910499825 r 
11.5 8.5 0.3314628422967786 0.9456967790232037 g 
12.5 8.5 0.34434862082525075 0.9758983668218033 g 
13.5 8.5 0.014711070943190567 0.49615436397757817 b 
14.5 8.5 0.1742553276014887 0.7795788556954955 b 
15.5 8.5 0.35963600516529276 0.9416508491954003 y 
16.5 8.5 0.09682272066121862 0.7709009205284897 g 
17.5 8.5 0.29533205452864675 0.7511339052821631 y 
18.5 8.5 0.09665582674373291 0.654469778913271 b 
19.5 8.5 0.42778148544567085 0.9777171965816381 y 
20.5 8.5 0.2497709601164299 0.47264838190154124 y 
21.5 8.5 0.1473382554477994 0.6636784438554033 y 
22.5 8.5 0.3661419380373023 0.6504973649020697 y 
23.5 8.5 0.20953714325979883 0.23974704118819848 y 
24.5 8.5 0.467305600065386 0.8917762558003294 b 
25.5 8.5 0.39730304601161 0.9994547281720896 b 
26.5 8.5 0.08454579917314857 0.30744436759564325 b 
27.5 8.5 0.07722720147270859 0.29256008626306695 g 
28.5 8.5 0.011374311758725044 0.18795232094919026 g 
29.5 8.5 0.07523286137287861 0.4865071967000927 b 
30.5 8.5 0.34838560771511773 0.4880532999302745 r 
31.5 8.5 0.09623866614737572 0.5836540593511723 r 
32.5 8.5 0.44330327242426976 0.5523334992871739 y 
0.5 9.5 0.0707948387166099 0.8810410288818614 r 
1.5 9.5 0.029282333592698218 0.9938094449476769 y 
2.5 9.5 0.37524312372655466 0.8290056301556545 b 
3.5 9.5 0.45309114933189465 0.5567243142464416 g 
4.5 9.5 0.34428083083450706 0.4939786715661929 g 
5.5 9.5 0.45109322894160864 0.9722315188559452 y 
6.5 9.5 0.2619739699684554 0.9431692600204824 y 
7.5 9.5 0.48247203009021294 0.771849862995533 b 
8.5 9.5 0.15577304514397072 0.7677159190803083 g 
9.5 9.5 0.16354502367142826 0.9400588748371193 y 
10.5 9.5 0.17359256333570836 0.2598710308007588 r 
11.5 9.5 0.4533808316337723 0.5408796326154258 b 
12.5 9.5 0.07790190558584426 0.40857556169674103 y 
13.5 9.5 0.40146347445969377 0.6425667276464975 g 
14.5 9.5 0.05324333324791523 0.6661940190638411 g 
15.5 9.5 0.376880919331662 0.6769615927706667 y 
16.5 9.5 0.3259626992164229 0.7265715045654192 b 
17.5 9.5 0.3615102415008957 0.789423792245036 r 
18.5 9.5 0.42041213451025344 0.9817891186046739 g 
19.5 9.5 0.18136074348893988 0.7525743628445833 b 
20.5 9.5 0.35708013097768293 0.8922299410182826 y 
21.5 9.5 0.19348874818248232 0.7613949750300565 y 
22.5 9.5 0.3712755026812953 0.5700221835342555 r 
23.5 9.5 0.08866376481556414 0.45223145260111886 g 
24.5 9.5 0.340831093578847 0.6938723740705249 r 
25.5 9.5 0.07913750422519171 0.14612868112230437 y 
26.5 9.5 0.10687899551340385 0.4430318233115669 y 
27.5 9.5 0.24435839006125565 0.8877881426555982 b 
28.5 9.5 0.4331633177736416 0.8271497557874017 y 
29.5 9.5 0.3082930519033934 0.42565704808516347 b 
30.5 9.5 0.4361334506114179 0.4716478916486049 r 
31.5 9.5 0.29343342681496454 0.3168050922655771 b 
32.5 9.5 0.18464662386952152 0.28199417237383556 r 
0.5 10.5 0.3153064322586212 0.8913887026788656 g 
1.5 10.5 0.32809969977944753 0.8605134119520572 r 
2.5 10.5 0.4359556596124368 0.968066336272625 b 
3.5 10.5 0.3717841489870106 0.9506448458466006 y 
4.5 10.5 0.4795997701407728 0.6856584917555402 y 
5.5 10.5 0.24358079161157462 0.6858784215422405 g 
6.5 10.5 0.22256534876252632 0.9956637809319617 r 
7.5 10.5 0.3751699476195278 0.7012225644740802 r 
8.5 10.5 0.32474798501350793 0.5555719634467499 r 
9.5 10.5 0.08079914873201699 0.4021703398011739 b 
10.5 10.5 0.3768096580766605 0.8670658375359933 r 
11.5 10.5 0.262241362570612 0.7085714060487494 g 
12.5 10.5 0.1039888812522396 0.995025958002565 g 
13.5 10.5 0.07895230756531486 0.8888521339466566 g 
14.5 10.5 0.36820235222409164 0.7681487244882381 b 
15.5 10.5 0.05192660300297154 0.29426769306450856 r 
16.5 10.5 0.33466129416526547 0.4056800002769638 y 
17.5 10.5 0.08817143163087653 0.12604455664698072 g 
18.5 10.5 0.3253096781133307 0.7331720586142723 y 
19.5 10.5 0.40797868043503244 0.47749166797831 y 
20.5 10.5 0.3948319470141196 0.8776700715631762 b 
21.5 10.5 0.42521154850938875 0.9307574832317695 g 
22.5 10.5 0.22413874367025338 0.342016665823999 g 
23.5 10.5 0.27171518255900395 0.9174732461868588 g 
24.5 10.5 0.05691692270517425 0.5102741848911776 g 
25.5 10.5 0.2928496069775849 0.4593784222277297 y 
26.5 10.5 0.17146777672464872 0.9702796797128095 b 
27.5 10.5 0.14041023973963482 0.9647794641960692 r 
28.5 10.5 0.4320841956426469 0.4339569366152231 b 
29.5 10.5 0.07313042615886645 0.8434913823485046 r 
30.5 10.5 0.181611178922253 0.44817881155325434 r 
31.5 10.5 0.12702267923611976 0.2617075460013384 b 
32.5 10.5 0.23681984100545125 0.5665459473171675 r 
0.5 11.5 0.29236022146210555 0.7872918012329 r 
1.5 11.5 0.0753409165421912 0.9530638226323392 y 
2.5 11.5 0.35026518480353175 0.5850540898561911 r 
3.5 11.5 0.17746626997378118 0.5943133110596566 y 
4.5 11.5 0.040089959732092145 0.48003917313282984 b 
5.5 11.5 0.44145540843110004 0.9456235478493855 r 
6.5 11.5 0.3013488992090925 0.8390601087096672 b 
7.5 11.5 0.2775400767845819 0.8566898292932325 y 
8.5 11.5 0.23764868502732495 0.3650055414117287 r 
9.5 11.5 0.22074553046597095 0.693089013128797 g 
10.5 11.5 0.24786058557471086 0.4930055656406903 g 
11.5 11.5 0.29598466861206707 0.739716007251415 r 
12.5 11.5 0.4603786434042249 0.8283755231798394 y 
13.5 11.5 0.08308199961563884 0.917552823115076 g 
14.5 11.5 0.07408415233542788 0.8201843167315621 r 
15.5 11.5 0.37651623659352296 0.4761167431854727 g 
16.5 11.5 0.10429496277560028 0.40105030360120086 g 
17.5 11.5 0.3060506025600231 0.596931966968206 r 
18.5 11.5 0.06626018740842235 0.7066523434326606 r 
19.5 11.5 0.1402180299764531 0.6087194031754013 y 
20.5 11.5 0.42405411319064495 0.9491435456939883 b 
21.5 11.5 0.47628086863676933 0.8068253960847452 g 
22.5 11.5 0.32653979446788073 0.33336793343105936 b 
23.5 11.5 0.3563968976421424 0.9976185328129377 g 
24.5 11.5 0.42788473439653724 0.4566934804838545 r 
25.5 11.5 0.4164233799692824 0.5313210602493507 b 
26.5 11.5 0.49913847042831605 0.9808964754064876 y 
27.5 11.5 0.35333765762619346 0.9693543476484856 y 
28.5 11.5 0.37343567956334156 0.8237885006210927 r 
29.5 11.5 0.21398371957096518 0.9797655859037709 r 
30.5 11.5 0.449998437871369 0.7643105118619107 g 
31.5 11.5 0.22840725965641526 0.36944373583466295 y 
32.5 11.5 0.41965937749428556 0.6973688035459176 g 
0.5 12.5 0.3860522979496419 0.5597762060582572 y 
1.5 12.5 0.1183428487908301 0.3390518755567643 b 
2.5 12.5 0.04043408893420589 0.04421272375995515 y 
3.5 12.5 0.35611008698318225 0.36488353609326074 y 
4.5 12.5 0.3227947290473718 0.5380158607253229 g 
5.5 12.5 0.19623116130618656 0.8832944026928202 y 
6.5 12.5 0.4904128647796259 0.7512234187452194 b 
7.5 12.5 0.22603888914358505 0.8386163479983046 r 
8.5 12.5 0.34458421861189087 0.6353869681216077 g 
9.5 12.5 0.03463324280428612 0.15744914740494648 b 
10.5 12.5 0.12538754999209403 0.12579714705078074 y 
11.5 12.5 0.3709594091407974 0.8123245065436169 r 
12.5 12.5 0.09334455505703394 0.7087856655297462 r 
13.5 12.5 0.24082112406607342 0.5290882150371328 y 
14.5 12.5 0.1853999462859935 0.7105673328696356 b 
15.5 12.5 0.33589483433441014 0.44525807266662204 g 
16.5 12.5 0.26928912858765697 0.3637243773523334 g 
17.5 12.5 0.26887735959372006 0.6937290669825424 y 
18.5 12.5 0.07224877377106356 0.2190789108398637 y 
19.5 12.5 0.06915971284465099 0.22688152502242648 y 
20.5 12.5 0.01432881396263606 0.23810072493171616 b 
21.5 12.5 0.2698384583948142 0.8994268242000958 y 
22.5 12.5 0.27860120676577893 0.9843921764538383 r 
23.5 12.5 0.30254651337149113 0.7800492543471989 b 
24.5 12.5 0.14330256550590545 0.19166604688612285 b 
25.5 12.5 0.44009095196397197 0.6065779952204536 r 
26.5 12.5 0.1558873165037748 0.655943182453425 r 
27.5 12.5 0.4453509435444942 0.9255975310397525 b 
28.5 12.5 0.32246161877499296 0.8275669759119786 r 
29.5 12.5 0.1709288095536464 0.5567813626404656 b 
30.5 12.5 0.24306862711264135 0.8330833945651409 y 
31.5 12.5 0.16336131976498508 0.9366153905312182 y 
32.5 12.5 0.050697029819770124 0.25805507118989823 b 
0.5 13.5 0.4511365068013492 0.5646025375803547 r 
1.5 13.5 0.3665186712122925 0.824322364682216 g 
2.5 13.5 0.4752431023824395 0.8341753863082728 g 
3.5 13.5 0.37550640706109123 0.7647967961432046 b 
4.5 13.5 0.28070777745231124 0.6471319491701287 r 
5.5 13.5 0.3741291662449256 0.6414435849671265 y 
6.5 13.5 0.2285612417100608 0.9970999676030291 r 
7.5 13.5 0.04109623826225453 0.5103621544756433 g 
8.5 13.5 0.03262984916858907 0.11332033430549343 g 
9.5 13.5 0.18663663554698165 0.5907664690565443 g 
10.5 13.5 0.04480040985289797 0.8320384761885479 y 
11.5 13.5 0.2470403420579591 0.5172161645260355 b 
12.5 13.5 0.011496299298905985 0.7840980918686465 b 
13.5 13.5 0.14285684103374974 0.789566132292182 g 
14.5 13.5 0.32237061438492287 0.3315641892418482 y 
15.5 13.5 0.4200716096196313 0.9786287495186835 g 
16.5 13.5 0.18065321904306245 0.2880437735622847 r 
17.5 13.5 0.41685672710453403 0.5220999239634677 r 
18.5 13.5 0.33283507700430215 0.5480606864473117 r 
19.5 13.5 0.24966518441684718 0.5105142947393456 g 
20.5 13.5 0.26188710043913466 0.44875017134452555 b 
21.5 13.5 0.0874543036972552 0.3487276287028251 b 
22.5 13.5 0.4539857760458889 0.470556700871335 r 
23.5 13.5 0.34664803211903306 0.3726366683672252 b 
24.5 13.5 0.4842344987123545 0.9639284375853435 b 
25.5 13.5 0.21921694491387314 0.9771796338261274 g 
26.5 13.5 0.20334371353920977 0.5754118377486406 b 
27.5 13.5 0.23799677750881926 0.9520553544198525 b 
28.5 13.5 0.28739966472998857 0.6167034130332905 y 
29.5 13.5 0.2792592659824087 0.7329827072521107 y 
30.5 13.5 0.2930057366759618 0.7981389917141943 b 
31.5 13.5 0.45589670103729696 0.4866441021212726 g 
32.5 13.5 0.34422636747380514 0.8915610962200804 r 
0.5 14.5 0.4625858076369629 0.654821853050259 r 
1.5 14.5 0.08623441062006451 0.8970719091961211 y 
2.5 14.5 0.3939468670215624 0.5969124875230596 g 
3.5 14.5 0.029561649122441358 0.07930802478571689 r 
4.5 14.5 0.10697599230114847 0.4590580542259072 g 
5.5 14.5 0.4039334502600511 0.5293857347418569 b 
6.5 14.5 0.35280539388487914 0.9665916331534954 y 
7.5 14.5 0.13620506823424114 0.9188821696109499 b 
8.5 14.5 0.18499374389574266 0.9803749725076355 y 
9.5 14.5 0.15521906371840685 0.33125733852825523 r 
10.5 14.5 0.22455521423862176 0.9847603180248541 y 
11.5 14.5 0.2841468292986131 0.9744897583584466 b 
12.5 14.5 0.3486791741254462 0.8668069278288433 r 
13.5 14.5 0.4371406302960286 0.9384196770856015 y 
14.5 14.5 0.10339212965105586 0.11958084218654477 b 
15.5 14.5 0.1563077650118985 0.7858444130897446 g 
16.5 14.5 0.12193223943592293 0.7096812336715906 r 
17.5 14.5 0.1595850661820401 0.8165248020721778 b 
18.5 14.5 0.34693626318769866 0.6123646102188623 g 
19.5 14.5 0.21200504024897113 0.6820992594546745 y 
20.5 14.5 0.026147550136046048 0.5296699383846808 b 
21.5 14.5 0.22928464227279063 0.9714394969499964 r 
22.5 14.5 0.13036589843424637 0.47447151694610823 r 
23.5 14.5 0.4205384572403978 0.510134983806202 y 
24.5 14.5 0.4379563313175513 0.7886163601757368 y 
25.5 14.5 0.042312683846555184 0.2093398615423516 g 
26.5 14.5 0.4457743647706588 0.6963106515929192 g 
27.5 14.5 0.058937108856979156 0.7843262770309286 y 
28.5 14.5 0.1901565118174877 0.5999470416528917 g 
29.5 14.5 0.32457433575956474 0.4640926743303771 y 
30.5 14.5 0.10353877848102404 0.26194905883643266 r 
31.5 14.5 0.3249964834627156 0.5784761515601528 y 
32.5 14.5 0.4712794165383175 0.8484209966992204 r 
0.5 15.5 0.23056845562153233 0.8349511133263914 r 
1.5 15.5 0.17623255557378054 0.932318649813008 g 
2.5 15.5 0.09439765472298575 0.7901403351597698 g 
3.5 15.5 0.08849416572699534 0.18840790346368952 g 
4.5 15.5 0.14950215102775255 0.5212479495204876 y 
5.5 15.5 0.4896562643011431 0.7647046280972143 b 
6.5 15.5 0.47671767634133344 0.9053691890957541 b 
7.5 15.5 0.017465437161475948 0.6565350549219023 r 
8.5 15.5 0.37598240977186115 0.49039437534113645 y 
9.5 15.5 0.21913453021715976 0.5325740718526383 y 
10.5 15.5 0.0724514301284234 0.7945275183038816 y 
11.5 15.5 0.04066205693841264 0.3907336075770892 g 
12.5 15.5 0.05769350219358015 0.6893978703863044 y 
13.5 15.5 0.10233853814160804 0.425802180095966 b 
14.5 15.5 0.07236745686429681 0.5821042457788038 b 
15.5 15.5 0.20880199486699091 0.3177086552369858 r 
16.5 15.5 0.25130579107203427 0.6360153286997421 g 
17.5 15.5 0.025835711302477367 0.11841825831648262 b 
18.5 15.5 0.4123639814869333 0.4441634675698619 r 
19.5 15.5 0.024482096026441292 0.3252563076977702 g 
20.5 15.5 0.2683694388266374 0.522397616162531 b 
21.5 15.5 0.4304127416636948 0.9909984444214015 g 
22.5 15.5 0.25488613248512926 0.6363618367414088 g 
23.5 15.5 0.040479010109708224 0.9710062580019747 r 
24.5 15.5 0.3070485140988216 0.7323043053727378 r 
25.5 15.5 0.4473188312068248 0.8804252200691847 g 
26.5 15.5 0.020474609200613572 0.7599734188392936 g 
27.5 15.5 0.49015295473402776 0.9405317183957931 b 
28.5 15.5 0.4315775128730213 0.6639986332846096 b 
29.5 15.5 0.20206714802476453 0.8495891631451821 b 
30.5 15.5 0.2763606621704142 0.5961175066391735 y 
31.5 15.5 0.18330086808612744 0.9652393892748571 b 
32.5 15.5 0.18650953868257739 0.4156174990980387 y 
0.5 16.5 0.30573069102378253 0.40324923647151745 y 
1.5 16.5 0.23958034085101504 0.9601959720000137 g 
2.5 16.5 0.22668436950087048 0.5307857192033577 g 
3.5 16.5 0.4358160136305581 0.7018960038220243 y 
4.5 16.5 0.34297079545611 0.5650555597147859 b 
5.5 16.5 0.17888343348392302 0.7053264806540047 y 
6.5 16.5 0.10532643246370041 0.6512343175854329 r 
7.5 16.5 0.3102406157486719 0.6609897146612369 g 
8.5 16.5 0.026821221486802202 0.6935724819587871 g 
9.5 16.5 0.036951409667619735 0.5090523541126828 r 
10.5 16.5 0.0940848839941874 0.5194491577327628 r 
11.5 16.5 0.33896006927186284 0.8920270475318708 g 
12.5 16.5 0.06877758565606149 0.16074740580672425 y 
13.5 16.5 0.13395752798887114 0.42760070844634246 g 
14.5 16.5 0.31155920085734456 0.8254315210194162 y 
15.5 16.5 0.4614231341814526 0.648338487091108 g 
16.5 16.5 0.09855241936215303 0.49636821431997846 g 
17.5 16.5 0.2673046201918668 0.6880153686075221 y 
18.5 16.5 0.3421882507200201 0.4793945992099433 r 
19.5 16.5 0.34149386999289494 0.7326073143068754 r 
20.5 16.5 0.23627171610726028 0.7963995999407911 y 
21.5 16.5 0.26511904949667986 0.3846941382865493 r 
22.5 16.5 0.21160154524598143 0.6695229947043719 b 
23.5 16.5 0.31188990050317217 0.6653374640033696 b 
24.5 16.5 0.45451400294810335 0.6782966985819758 g 
25.5 16.5 0.21257786822239041 0.6242514021773006 r 
26.5 16.5 0.4835762167515176 0.7233528887539241 y 
27.5 16.5 0.24196145987331175 0.7183349055001191 g 
28.5 16.5 0.12281184573016556 0.16081012345561135 b 
29.5 16.5 0.34787118741036827 0.5649792176790048 r 
30.5 16.5 0.4700399725802051 0.6712411641735523 g 
31.5 16.5 0.3345879459382653 0.8378703278123505 r 
32.5 16.5 0.30071415974282373 0.6237446807417754 r 
0.5 17.5 0.39617959105183564 0.4260946146882763 g 
1.5 17.5 0.28368989990940857 0.4838360132275949 b 
2.5 17.5 0.1482690770499235 0.9332980913563513 g 
3.5 17.5 0.03069404778539387 0.4905952762884499 y 
4.5 17.5 0.24576075508217504 0.6790510974072372 y 
5.5 17.5 0.2432447220846781 0.6000601268123205 g 
6.5 17.5 0.09215562458925167 0.5436417226334554 g 
7.5 17.5 0.22080790582258597 0.327809221562499 y 
8.5 17.5 0.375529443040673 0.7312156616952323 b 
9.5 17.5 0.02591947079517066 0.10976462212047491 g 
10.5 17.5 0.07500555196711182 0.2185286454486724 r 
11.5 17.5 0.15157909088758145 0.9408360849916007 r 
12.5 17.5 0.4814770540588499 0.6795245136928721 g 
13.5 17.5 0.4092452382729193 0.5584909015480823 r 
14.5 17.5 0.3529765461133654 0.5229358949670401 b 
15.5 17.5 0.4978823546073391 0.5744514768046597 y 
16.5 17.5 0.2631612835753293 0.5028997889869429 r 
17.5 17.5 0.45322144370526996 0.7884408569683472 r 
18.5 17.5 0.13629260382088149 0.3672425375627737 g 
19.5 17.5 0.25621776966330456 0.40063247853373757 g 
20.5 17.5 0.40721399599362507 0.5361229781691667 b 
21.5 17.5 0.4543843710360821 0.910176688250955 y 
22.5 17.5 0.09557494090154078 0.9537085168334294 g 
23.5 17.5 0.39053720819793936 0.45173860214801215 b 
24.5 17.5 0.24342758593222508 0.27191229308014325 g 
25.5 17.5 0.330635319611587 0.5972454708669033 b 
26.5 17.5 0.15583545886849973 0.404030725060742 b 
27.5 17.5 0.11635769812101704 0.5795415093567751 y 
28.5 17.5 0.2992103118431707 0.602216836033846 y 
29.5 17.5 0.23155740999479887 0.3491379983004924 b 
30.5 17.5 0.4695314253247783 0.49163049188858376 r 
31.5 17.5 0.2571803951250785 0.9670333359489874 r 
32.5 17.5 0.1789240931864696 0.6100497065287305 y 
0.5 18.5 0.054955835810881676 0.45515889721479563 b 
1.5 18.5 0.4008144519898265 0.7168312215267301 b 
2.5 18.5 0.1489288097667952 0.2936642873053398 g 
3.5 18.5 0.03736914448752179 0.23179673134739573 r 
4.5 18.5 0.15000815770716366 0.7074412432099664 g 
5.5 18.5 0.41622522801502765 0.7104791356094371 y 
6.5 18.5 0.2652030498684136 0.6356082307495639 y 
7.5 18.5 0.1781462607432953 0.38172114936964474 y 
8.5 18.5 0.0387646379351314 0.6757388719811633 y 
9.5 18.5 0.084042099675241 0.7913969973477372 r 
10.5 18.5 0.20737923763496757 0.7292743004956594 y 
11.5 18.5 0.33215691801688507 0.6931931865643023 y 
12.5 18.5 0.15588295895781035 0.3334279321856523 g 
13.5 18.5 0.22564814205677303 0.36210718659951346 r 
14.5 18.5 0.45100453109298094 0.859213296134999 b 
15.5 18.5 0.07359416480943358 0.09602379499832421 r 
16.5 18.5 0.3360347493488583 0.5130000524263889 y 
17.5 18.5 0.29940508784977005 0.47001022067215353 g 
18.5 18.5 0.061371910888801756 0.7111189135297661 y 
19.5 18.5 0.29759289319085636 0.6658091390630205 r 
20.5 18.5 0.20603420835748432 0.5618377185608379 g 
21.5 18.5 0.25628781920427374 0.40164917265234434 y 
22.5 18.5 0.3627074840326318 0.7630488418061817 b 
23.5 18.5 0.44755999803386626 0.5842244073603643 y 
24.5 18.5 0.4355935883148807 0.8258155705432166 b 
25.5 18.5 0.03901957844180551 0.4766210098021437 y 
26.5 18.5 0.2639521380463146 0.5715905091222482 b 
27.5 18.5 0.46106459685168016 0.5624893801075779 g 
28.5 18.5 0.3749187796654535 0.7498633642166513 b 
29.5 18.5 0.17364196557371775 0.2839722910055203 y 
30.5 18.5 0.34983435957475356 0.523682253993986 b 
31.5 18.5 0.05116250683785881 0.7904073677872537 y 
32.5 18.5 0.11686489056075577 0.40403522569952344 b 
0.5 19.5 0.4067483202479135 0.5743474296416806 g 
1.5 19.5 0.034759504798488695 0.640957450636581 r 
2.5 19.5 0.3279405212998647 0.4557292777977422 r 
3.5 19.5 0.49585267031045377 0.8976006641787372 r 
4.5 19.5 0.2793023955894681 0.47675291371266476 b 
5.5 19.5 0.18321122106308146 0.8608699319217161 r 
6.5 19.5 0.4508350559738379 0.6396192032649293 r 
7.5 19.5 0.019507434975145895 0.08023667288291896 y 
8.5 19.5 0.19176158163318854 0.3852763893244934 r 
9.5 19.5 0.2688828009406979 0.4038841244783695 b 
10.5 19.5 0.3315005221024356 0.48600224551377447 b 
11.5 19.5 0.46336151035356404 0.9602648567070973 g 
12.5 19.5 0.4067371532455251 0.8258338427850709 g 
13.5 19.5 0.06392099709902081 0.9538149784572972 r 
14.5 19.5 0.3954295298368601 0.7931459823323133 b 
15.5 19.5 0.49482797199777295 0.9151618154122514 g 
16.5 19.5 0.05766967097423939 0.923631071792773 b 
17.5 19.5 0.22354453756120973 0.6725440847624748 g 
18.5 19.5 0.016565535058611455 0.4225235310327647 y 
19.5 19.5 0.07290797962299458 0.4247531417239443 b 
20.5 19.5 0.11190084935614315 0.7343131431379278 b 
21.5 19.5 0.40224785246118383 0.6404095262106306 r 
22.5 19.5 0.46636520811673754 0.8579330552015295 y 
23.5 19.5 0.36216810132836 0.558204666387896 r 
24.5 19.5 0.4374126805788078 0.6950604412137409 b 
25.5 19.5 0.3189520318467739 0.3634799444650593 y 
26.5 19.5 0.14838205969668067 0.2968720323536539 r 
27.5 19.5 0.3678802372612729 0.6595352364347451 g 
28.5 19.5 0.026617844381861863 0.16529776541974062 r 
29.5 19.5 0.3962355674592761 0.4622144481692436 b 
30.5 19.5 0.4628325388505103 0.8804350871869211 r 
31.5 19.5 0.44784974580624914 0.9272976582380772 r 
32.5 19.5 0.3415642128454117 0.9053229477826117 r 
0.5 20.5 0.16536496426198033 0.39010979274163643 y 
1.5 20.5 0.4468032739099483 0.5572449267435917 g 
2.5 20.5 0.2413919833441385 0.8310113736528436 y 
3.5 20.5 0.030309950533735794 0.6671004219748126 g 
4.5 20.5 0.1447273595403732 0.5504387420263208 y 
5.5 20.5 0.2739537681537645 0.8994290459379142 r 
6.5 20.5 0.14771089821221609 0.5273741039377557 g 
7.5 20.5 0.32798876334447347 0.9754559316452 r 
8.5 20.5 0.06570457619861036 0.5064983469254308 r 
9.5 20.5 0.029607360096045122 0.7220173867263433 b 
10.5 20.5 0.23217272002298914 0.7446589456284272 r 
11.5 20.5 0.031079642116519236 0.45024446035849497 y 
12.5 20.5 0.13156088723723758 0.9390442006129165 r 
13.5 20.5 0.4300076662036148 0.4874917680126089 r 
14.5 20.5 0.4667732877915462 0.4809898210969765 r 
15.5 20.5 0.48388811541781757 0.9849705190845297 r 
16.5 20.5 0.3818677792818813 0.42845076369542373 y 
17.5 20.5 0.017905031727362422 0.8981106318679873 r 
18.5 20.5 0.4796184086922105 0.8042589950538179 g 
19.5 20.5 0.3104117218509997 0.7695399973722414 y 
20.5 20.5 0.20596166209402508 0.589003342859369 g 
21.5 20.5 0.3953433686559715 0.6258193571220347 g 
22.5 20.5 0.4611557641295044 0.7092450243778938 y 
23.5 20.5 0.1871806324250256 0.42585471463708113 b 
24.5 20.5 0.19330957988813355 0.8964036600132882 g 
25.5 20.5 0.14101212430227514 0.7721477131489617 y 
26.5 20.5 0.3529256423761138 0.7874371298086678 b 
27.5 20.5 0.4668210443275612 0.9907829968265588 b 
28.5 20.5 0.2191091891871882 0.8345696743805582 y 
29.5 20.5 0.18643788684495205 0.8360193600642627 r 
30.5 20.5 0.10798200222891856 0.7118547975026459 g 
31.5 20.5 0.17287768739169446 0.8477522771762487 r 
32.5 20.5 0.1184203697849456 0.8380522429887527 y 
0.5 21.5 0.03789920055220807 0.5215872954054973 y 
1.5 21.5 0.33314893965544595 0.9288225614783769 g 
2.5 21.5 0.17265055213833816 0.32398568724982035 r 
3.5 21.5 0.17834516127282973 0.8297232726111918 b 
4.5 21.5 0.05969512216131289 0.8637304192291203 g 
5.5 21.5 0.4187283167850782 0.7672338864248569 g 
6.5 21.5 0.10165471886680012 0.6249754408861397 r 
7.5 21.5 0.29274979583493677 0.9863815599779168 b 
8.5 21.5 0.037379329304625994 0.24356633693079782 r 
9.5 21.5 0.2349990364277041 0.7148926578051833 g 
10.5 21.5 0.4549135797383595 0.5313980213237933 b 
11.5 21.5 0.41854858671445994 0.849192891420864 r 
12.5 21.5 0.07503866518414654 0.19229450154624647 r 
13.5 21.5 0.4702174687400547 0.9062110479362888 y 
14.5 21.5 0.4221603564333222 0.5189596206153071 b 
15.5 21.5 0.3432169965016113 0.490498814800991 g 
16.5 21.5 0.3895561432285692 0.895849556436142 y 
17.5 21.5 0.4272410903305837 0.6429189371186939 g 
18.5 21.5 0.33557622660390096 0.8276308421019383 y 
19.5 21.5 0.10482294065883661 0.6092252967214193 b 
20.5 21.5 0.3331186414557318 0.7097406384640896 b 
21.5 21.5 0.08528591481780183 0.6334183583403336 b 
22.5 21.5 0.4657650331905604 0.5335875842006471 b 
23.5 21.5 0.3540972941120308 0.9459866554608212 g 
24.5 21.5 0.166728350115523 0.7574603733387109 r 
25.5 21.5 0.24665529340518347 0.3476142479818023 g 
26.5 21.5 0.018989981772004033 0.31261482395383633 y 
27.5 21.5 0.0718212254583926 0.32204677163020357 b 
28.5 21.5 0.46603279880287113 0.9089845854981735 b 
29.5 21.5 0.18203764866409244 0.8264672629025653 r 
30.5 21.5 0.09242121119192226 0.22924570758635085 b 
31.5 21.5 0.1787882515296292 0.7739516245234046 y 
32.5 21.5 0.2929331818843589 0.8641175180243015 y 
0.5 22.5 0.2806883947099786 0.7477715780019106 b 
1.5 22.5 0.08431193731057572 0.08830679286953319 b 
2.5 22.5 0.2527795176974302 0.9790339123733929 b 
3.5 22.5 0.3938545437542333 0.43315725376616493 b 
4.5 22.5 0.3065442079103479 0.44699607983085654 r 
5.5 22.5 0.03909059943759842 0.7769429120117332 y 
6.5 22.5 0.4811336029275951 0.5223550476217557 y 
7.5 22.5 0.2876099611761888 0.5583886708846594 y 
8.5 22.5 0.1881530515149121 0.3014346230927162 g 
9.5 22.5 0.3186891869392945 0.6969691764080268 y 
10.5 22.5 0.08563586537155804 0.6483001668264734 y 
11.5 22.5 0.2119659678339172 0.45954366043278944 r 
12.5 22.5 0.0688606270035579 0.27137427455789415 g 
13.5 22.5 0.017789586396872285 0.7343660160320215 y 
14.5 22.5 0.05142125707987846 0.4557031838615354 r 
15.5 22.5 0.20047640500011854 0.6196099031625916 g 
16.5 22.5 0.03562309858099238 0.11295311512270878 r 
17.5 22.5 0.4627361199593268 0.6421213634575342 b 
18.5 22.5 0.07448090804564492 0.3456403054884718 y 
19.5 22.5 0.04721101420229588 0.3886420128702776 g 
20.5 22.5 0.4762994216348994 0.781304792235367 b 
21.5 22.5 0.3387120217584456 0.6676545903769332 y 
22.5 22.5 0.415071975937975 0.8755269027691616 y 
23.5 22.5 0.4516340741193459 0.8575017705267565 g 
24.5 22.5 0.4795262387546875 0.48172379364161905 g 
25.5 22.5 0.48339748668201427 0.5525098097029711 g 
26.5 22.5 0.3920176969249829 0.560374436988503 y 
27.5 22.5 0.034214646658441365 0.1383629757652719 r 
28.5 22.5 0.4310391700730391 0.5103108360895664 r 
29.5 22.5 0.3451094289861988 0.7352178778762105 b 
30.5 22.5 0.46649848774503944 0.7132794368265717 r 
31.5 22.5 0.4931557712837342 0.8940171987834906 b 
32.5 22.5 0.11035162864564553 0.7160891389514562 b 
0.5 23.5 0.3306675563368161 0.7972297660278787 y 
1.5 23.5 0.48270294975984573 0.7568414392627033 g 
2.5 23.5 0.13685586721355913 0.8464936465147336 r 
3.5 23.5 0.28134166172604347 0.6646574609326859 r 
4.5 23.5 0.32064174018357666 0.96699194920204 b 
5.5 23.5 0.08663965843021414 0.9311700366053517 g 
6.5 23.5 0.035956369750871256 0.5809708329338032 b 
7.5 23.5 0.035868594161049365 0.663013114326222 g 
8.5 23.5 0.14382462310247832 0.19977388373255087 g 
9.5 23.5 0.01679819689449849 0.5210778972338012 b 
10.5 23.5 0.35383782465158936 0.5781921988292456 r 
11.5 23.5 0.46691159254929515 0.501691549436289 b 
12.5 23.5 0.33675767424782466 0.8290452168065574 r 
13.5 23.5 0.1402629254568093 0.2120906196362205 r 
14.5 23.5 0.11861008531507744 0.40294528475867214 r 
15.5 23.5 0.2547932837299877 0.8877456929797796 y 
16.5 23.5 0.0798423950411808 0.11238805929645995 b 
17.5 23.5 0.46267844908803607 0.7615779995860706 y 
18.5 23.5 0.4715658672541498 0.6098842964016469 y 
19.5 23.5 0.31925450969440367 0.6904134217169827 y 
20.5 23.5 0.21732157023378043 0.7632124570580191 b 
21.5 23.5 0.0882778953095676 0.21104397822490428 b 
22.5 23.5 0.23295077250712576 0.7431399470592588 b 
23.5 23.5 0.2109440877180543 0.9796161864068195 y 
24.5 23.5 0.22145415385027228 0.866049512574907 b 
25.5 23.5 0.1484279405322703 0.9364507848449158 b 
26.5 23.5 0.3521242181822995 0.5500334088777654 b 
27.5 23.5 0.18727406436844696 0.4934721226484218 b 
28.5 23.5 0.21017470944749272 0.41288342720455473 r 
29.5 23.5 0.2810174479635324 0.37949476649737957 b 
30.5 23.5 0.39477848016251993 0.8996326711733429 g 
31.5 23.5 0.10059233922312578 0.37592543070162765 r 
32.5 23.5 0.4849724896852725 0.7053223391214427 b 
0.5 24.5 0.23399622986884525 0.9803763008647434 y 
1.5 24.5 0.39903475124036786 0.834200938047815 y 
2.5 24.5 0.03679641717015322 0.15405975138852462 y 
3.5 24.5 0.20060200634310674 0.5836392694581544 g 
4.5 24.5 0.1007176958108807 0.3851478797628496 g 
5.5 24.5 0.3367940384241541 0.6349258029709898 g 
6.5 24.5 0.30244333240897137 0.9606606233614862 r 
7.5 24.5 0.048406960565216754 0.9348335816829035 r 
8.5 24.5 0.4319950112933322 0.692202333148106 b 
9.5 24.5 0.2686864607561149 0.42278789438024844 y 
10.5 24.5 0.390219759899339 0.6833819119184219 r 
11.5 24.5 0.29977085090973 0.3826388693518705 b 
12.5 24.5 0.3752662877713886 0.8987193381184094 g 
13.5 24.5 0.21499488336414815 0.7061428991362805 r 
14.5 24.5 0.48047396945673876 0.8829394428718337 g 
15.5 24.5 0.4586738860796726 0.8111989677867897 g 
16.5 24.5 0.26858471036579334 0.37746559832436233 y 
17.5 24.5 0.4208414403512584 0.9696337811375881 y 
18.5 24.5 0.37905895549366875 0.9739374895297019 y 
19.5 24.5 0.24211699692638158 0.8682080741538712 g 
20.5 24.5 0.2906888386635775 0.6104061212860754 b 
21.5 24.5 0.33918924059017475 0.6604540817839906 r 
22.5 24.5 0.12470651451031389 0.17884668394331543 r 
23.5 24.5 0.2827570034496202 0.760461988125257 y 
24.5 24.5 0.3958319723813779 0.6323662241817408 r 
25.5 24.5 0.24745381842777964 0.8943061409809314 g 
26.5 24.5 0.30779012221931257 0.6360157212783557 r 
27.5 24.5 0.2993730544063675 0.3248371508093713 b 
28.5 24.5 0.3568061593658974 0.9799542053882433 y 
29.5 24.5 0.3730220029044464 0.668704335030734 r 
30.5 24.5 0.013914219323646719 0.21815190279442923 b 
31.5 24.5 0.0515546495000731 0.9850180381599127 b 
32.5 24.5 0.2934129325551536 0.3790394287561525 r 
0.5 25.5 0.4251801499300583 0.7572114722836465 g 
1.5 25.5 0.04209740238697815 0.8462324761289246 b 
2.5 25.5 0.3154685140804676 0.7879736464618975 r 
3.5 25.5 0.039020260406603134 0.0626586593211256 b 
4.5 25.5 0.41895447787932477 0.7026577246177707 r 
5.5 25.5 0.28723301957770275 0.3714656852989938 b 
6.5 25.5 0.13683849938396767 0.5564579834956578 g 
7.5 25.5 0.40059411064853906 0.5002407087466719 b 
8.5 25.5 0.43341511086402773 0.8752603736608575 r 
9.5 25.5 0.49838359015971334 0.6516654066194901 y 
10.5 25.5 0.4858757811681968 0.8004255792663799 y 
11.5 25.5 0.14927524578297816 0.9199414770659099 b 
12.5 25.5 0.05900155418183504 0.8875904813500073 r 
13.5 25.5 0.19869437508449642 0.683828936443376 r 
14.5 25.5 0.46125107893762285 0.6515287562357857 b 
15.5 25.5 0.07904174436248314 0.413123844357353 r 
16.5 25.5 0.036453976545656755 0.5448378663834773 r 
17.5 25.5 0.31422897412738987 0.5719519846318727 y 
18.5 25.5 0.20713484844911578 0.22183682573945698 y 
19.5 25.5 0.2408893872495385 0.6734052435074629 b 
20.5 25.5 0.282703645699845 0.5875495093917733 b 
21.5 25.5 0.24979815244551815 0.5531603001640903 y 
22.5 25.5 0.09858339615968549 0.7792106612718543 r 
23.5 25.5 0.05319186235163495 0.1645326284011314 y 
24.5 25.5 0.285463213596468 0.9617663682302284 r 
25.5 25.5 0.061367101106002624 0.692557641752482 b 
26.5 25.5 0.08726022842192474 0.4165837920642388 r 
27.5 25.5 0.43516747806102146 0.5001007040981528 y 
28.5 25.5 0.05979711491566856 0.09888000852973472 b 
29.5 25.5 0.03041008613701865 0.7472325470675796 r 
30.5 25.5 0.2867013059452491 0.40608496659282967 b 
31.5 25.5 0.01765811462791017 0.5810401861666843 b 
32.5 25.5 0.33333330215882373 0.4087255738686507 r 
0.5 26.5 0.29369386743870735 0.9529898686574181 y 
1.5 26.5 0.28551665652704095 0.5870062386005608 y 
2.5 26.5 0.3524784107956351 0.4106095647989697 b 
3.5 26.5 0.4563455982054556 0.8345256590054375 b 
4.5 26.5 0.2274972126578796 0.8623508045314571 g 
5.5 26.5 0.37842838230646525 0.8882691987208701 g 
6.5 26.5 0.4804601130457023 0.715550684889282 g 
7.5 26.5 0.09319287660674115 0.36903429622818457 y 
8.5 26.5 0.4028356113470443 0.4876294426202088 r 
9.5 26.5 0.3306458504187914 0.5865461641069996 y 
10.5 26.5 0.296820127056341 0.30587221361445527 r 
11.5 26.5 0.36970624502003674 0.38480212917140233 b 
12.5 26.5 0.49450545991946304 0.6518764220773944 b 
13.5 26.5 0.12644537974032277 0.5114614569557536 g 
14.5 26.5 0.1067251973272056 0.9847811260352913 r 
15.5 26.5 0.42938085367004525 0.9080417947517215 r 
16.5 26.5 0.16287464952083935 0.48042294096440824 b 
17.5 26.5 0.29003503775759476 0.5395411705629826 g 
18.5 26.5 0.1007951738957387 0.4531479512243718 g 
19.5 26.5 0.3996283472115289 0.7351500044055569 b 
20.5 26.5 0.4015372177801602 0.7336434242889822 y 
21.5 26.5 0.13683035984955555 0.6923520226029309 r 
22.5 26.5 0.31994726286336583 0.35488170156629206 y 
23.5 26.5 0.45800335525974084 0.7837258110298532 r 
24.5 26.5 0.463965060132758 0.5893346388434983 r 
25.5 26.5 0.228538302190539 0.7738068363010895 y 
26.5 26.5 0.23738247337484913 0.4950429220891252 r 
27.5 26.5 0.1300184883923962 0.1704572193899515 y 
28.5 26.5 0.1979025510875706 0.4948481457067491 g 
29.5 26.5 0.3022409712557033 0.3362047224745138 g 
30.5 26.5 0.486881099273235 0.9285843527230624 b 
31.5 26.5 0.17284476874607282 0.9731573439010184 b 
32.5 26.5 0.4317690764651656 0.715783400087015 b 
0.5 27.5 0.18469538028769286 0.5436800329672747 b 
1.5 27.5 0.2159165683776702 0.6819438313595805 y 
2.5 27.5 0.19845496678776783 0.4058373961962113 r 
3.5 27.5 0.32409664188132475 0.48426924980471553 r 
4.5 27.5 0.21992952090332188 0.5778199217922768 r 
5.5 27.5 0.3977069210477294 0.9558862077216389 g 
6.5 27.5 0.03135735872765184 0.30892357456039765 g 
7.5 27.5 0.2959039936792169 0.615148378946502 r 
8.5 27.5 0.23393786707812234 0.7015582503246824 g 
9.5 27.5 0.10227341061702466 0.4827946232144618 y 
10.5 27.5 0.09839569285122922 0.8943796581294106 b 
11.5 27.5 0.27979641967649094 0.2963817968704985 b 
12.5 27.5 0.13178357510167782 0.31992216144255914 r 
13.5 27.5 0.4352191175069834 0.5448665046274992 b 
14.5 27.5 0.2547213857261372 0.44012686935873 b 
15.5 27.5 0.3759118821272536 0.5054372921699739 r 
16.5 27.5 0.38303135130555166 0.9530994584834763 b 
17.5 27.5 0.09741222409434999 0.3944954587200259 g 
18.5 27.5 0.46219751654760816 0.7518352990170085 g 
19.5 27.5 0.05807351639806665 0.7963358289275486 g 
20.5 27.5 0.4933991124202183 0.5838672840689006 b 
21.5 27.5 0.3354748690832205 0.6150956968383279 r 
22.5 27.5 0.25554796160276055 0.612411455650301 r 
23.5 27.5 0.09764921321704492 0.5606074030123324 y 
24.5 27.5 0.10747242360237491 0.4912203540657138 g 
25.5 27.5 0.16413569292724783 0.18358770316092876 g 
26.5 27.5 0.13155131263095507 0.7563774155599031 g 
27.5 27.5 0.11368625605347957 0.7757426806240885 r 
28.5 27.5 0.4368205283208387 0.7686687514407631 b 
29.5 27.5 0.18758223631744664 0.7872303620401703 b 
30.5 27.5 0.44668915596513303 0.6887265595620774 y 
31.5 27.5 0.4864405848472253 0.9485294004405866 b 
32.5 27.5 0.24384286939607333 0.4680884938713533 g 
0.5 28.5 0.2492063435750356 0.5557313533001215 g 
1.5 28.5 0.0757358607007681 0.5233263156320589 b 
2.5 28.5 0.3050420598778844 0.528367689151633 y 
3.5 28.5 0.1370208219067538 0.5894804786520795 b 
4.5 28.5 0.34211430597422937 0.6536087230564418 y 
5.5 28.5 0.4948250824129734 0.6241988935238613 r 
6.5 28.5 0.0858507253855298 0.29695741927644015 y 
7.5 28.5 0.4922190017696676 0.8292578918580359 g 
8.5 28.5 0.03679470760006146 0.5882474517591171 r 
9.5 28.5 0.45720522093790283 0.4746647153043206 b 
10.5 28.5 0.22521269991258325 0.885098775119203 y 
11.5 28.5 0.31544764093037125 0.6412271730109538 g 
12.5 28.5 0.2860047413691941 0.9267379269663907 y 
13.5 28.5 0.2430154730811986 0.6067361145834655 b 
14.5 28.5 0.15250094535898245 0.6453377147812551 g 
15.5 28.5 0.22964224864942412 0.7032592321982356 b 
16.5 28.5 0.28963536315177874 0.9820230032553017 b 
17.5 28.5 0.3984476192226902 0.9329424441199938 b 
18.5 28.5 0.3672382531769787 0.9260007244165895 g 
19.5 28.5 0.07502501080619219 0.1682125770272236 g 
20.5 28.5 0.49671204787303774 0.7704970235788166 r 
21.5 28.5 0.3872328790244543 0.857694451192468 g 
22.5 28.5 0.31799135541751955 0.8938052300132653 b 
23.5 28.5 0.1743779807309887 0.49945013020236 r 
24.5 28.5 0.4962296334166001 0.5190342149302141 b 
25.5 28.5 0.4437906422138043 0.6096035985290914 y 
26.5 28.5 0.06287173794282946 0.899532892332459 b 
27.5 28.5 0.39987773157830525 0.47363025483473925 y 
28.5 28.5 0.12993375913081898 0.25631054708053014 b 
29.5 28.5 0.4230376823859702 0.7119810957284063 b 
30.5 28.5 0.048687032008976054 0.6352110968814837 y 
31.5 28.5 0.01222249433824022 0.12040550509720142 b 
32.5 28.5 0.12595948103548005 0.4812326080490323 b 
0.5 29.5 0.12487612455651312 0.6299261882629769 b 
1.5 29.5 0.2618947274032593 0.8539676220403403 y 
2.5 29.5 0.46973474661349196 0.9409884928265762 b 
3.5 29.5 0.24320855322628218 0.255876114013053 r 
4.5 29.5 0.4000098654384627 0.9616857372220984 r 
5.5 29.5 0.2028862977667361 0.7819503234767715 g 
6.5 29.5 0.24046406185552704 0.4787409869840541 r 
7.5 29.5 0.1790646500674582 0.825539950448833 y 
8.5 29.5 0.45888958192845125 0.788688213952595 b 
9.5 29.5 0.43117558853153426 0.480857326465098 y 
10.5 29.5 0.4434699034668297 0.5032420951518513 y 
11.5 29.5 0.47236342940091686 0.9668741399340581 r 
12.5 29.5 0.25332013432984196 0.9679964988132719 g 
13.5 29.5 0.20271155948278968 0.37789195710388274 y 
14.5 29.5 0.12226192164508451 0.13504764834994298 g 
15.5 29.5 0.24508564924560447 0.6179521557415887 r 
16.5 29.5 0.42430266766151853 0.6482084559967836 b 
17.5 29.5 0.1987451292762093 0.9803908134792811 y 
18.5 29.5 0.048552718041628744 0.8839351165512153 r 
19.5 29.5 0.4489445442126294 0.545094870662954 b 
20.5 29.5 0.0239032277442617 0.7408258811734164 b 
21.5 29.5 0.49494788065453005 0.8713930601649987 g 
22.5 29.5 0.49417797786757384 0.9489638633104323 g 
23.5 29.5 0.32158820171583624 0.9858122893439191 r 
24.5 29.5 0.27987365926151914 0.643643115054297 y 
25.5 29.5 0.42833072083325247 0.44676419709165877 y 
26.5 29.5 0.27330894513883813 0.4203993747814212 y 
27.5 29.5 0.02451472721952428 0.34310398321673397 b 
28.5 29.5 0.3610885853991394 0.7502520099922022 g 
29.5 29.5 0.031001526525127693 0.08324686962810807 g 
30.5 29.5 0.16237902979538962 0.8103140891189822 r 
31.5 29.5 0.13475990558263345 0.7052436901493246 b 
32.5 29.5 0.4089498155540772 0.8528093455001092 y 
0.5 30.5 0.06401840786037416 0.46116628833670614 b 
1.5 30.5 0.2368301631932473 0.8577299347664116 r 
2.5 30.5 0.21200712119639928 0.26751103878971266 y 
3.5 30.5 0.024248804212220084 0.3232512116784446 b 
4.5 30.5 0.4011609761714432 0.8515526357445434 b 
5.5 30.5 0.07862309766331538 0.5422345000644841 y 
6.5 30.5 0.44480793259703705 0.7871524089636471 r 
7.5 30.5 0.3827265270036247 0.7449689418967849 g 
8.5 30.5 0.41300341291519976 0.5750869002002241 r 
9.5 30.5 0.037123461281380304 0.33538602332272704 r 
1000
0.06193109731907274 505
0.0911646461483088 460
0.13827200449109442 941
0.2186803865035671 636
0.3029798461595839 612
0.39259207658760276 846
0.40370559479170837 565
0.49245230678599 149
0.5894422587550462 695
0.6026547433127456 851
0.693434453714887 131
0.7442799606570567 490
0.8408201498561538 727
0.9007187313262259 97
0.9920897656512522 842
1.0121317611687033 276
1.1191243235158492 890
1.1520535975075523 212
1.2487879855536093 355
1.2943391754312557 282
1.3800747309051236 532
1.4634907947754743 629
1.4848357525828269 469
1.5781745763604398 606
1.6363717663190616 955
1.693310518589628 536
1.7374222949232392 825
1.8071101701365058 950
1.9298237126014575 154
1.983234153604535 17
2.0534383136435 780
2.0973924674379405 707
2.138585432462236 3
2.237657866019649 348
2.273040683782021 272
2.3642791495108226 178
2.44500475399475 806
2.506963751666336 215
2.5379968495882093 155
2.6385663678607933 556
2.7242758384129058 519
2.7944639457162146 108
2.865360563059614 384
2.9155226602678654 116
2.9364114949683873 508
3.0391373197618456 352
3.077612786725421 860
3.142303565391635 494
3.2025756551326405 628
3.333300000407838 250
3.3558005713334427 832
3.418237006306485 695
3.52996169618738 172
3.569160628533164 890
3.6569669136440126 702
3.7142228792824787 548
3.7620184244217345 636
3.8565910260689176 408
3.8972885406152167 94
3.9793528427998512 978
4.004228775025525 647
4.117760012699603 84
4.161953909305043 7
4.2184906094206465 272
4.277609776929259 112
4.342858134076418 32
4.420839659436076 579
4.491680836642495 676
4.570191428396704 768
4.600934376966626 599
4.692524670309714 258
4.793222135240372 865
4.814970034966876 76
4.922448193186494 553
4.939952577438662 136
5.044018107970494 531
5.131700277803721 732
5.136045165411475 222
5.225743844142265 651
5.328339585578489 972
5.3429963765634225 895
5.4474512347012105 28
5.508519682557136 44
5.58561240636448 895
5.64595475079671 122
5.671699174872963 533
5.7898434358425135 766
5.813468168316368 566
5.925411985016223 824
5.948560692130377 265
6.03551284745763 244
6.074864778429744 746
6.156994349358314 60
6.244758754490913 469
6.300743394440797 508
6.378362637959857 511
6.4600722193670945 163
6.467269680107952 237
6.570187734240085 642
6.639352025562734 97
6.668502725111922 685
6.754076979249037 884
6.85945027334667 895
6.8778475128863334 815
6.972983775026052 522
7.0120177651564 342
7.104948179041097 327
7.186034122032743 995
7.255100583682354 610
7.291401720799872 336
7.345268424078155 818
7.4173302305154145 691
7.484995425306431 725
7.578374113097046 796
7.665993942628291 522
7.693545581027669 207
7.750431066533825 802
7.85198889026285 139
7.899198325811359 434
7.940271919101947 663
8.019704841049327 652
8.096064221423894 856
8.141106887927336 103
8.226086978536514 640
8.329052140173497 662
8.394144845308059 174
8.440920090882582 840
8.505575984442519 100
8.544628628352191 752
8.61961878893573 463
8.729412432659954 561
8.79730000045134 99
8.850778203676569 538
8.928180925413367 314
8.968033592207167 973
9.037346899367598 738
9.067435281043895 694
9.197977980637445 375
9.223018183722646 410
9.315959936498261 743
9.360657336846666 419
9.45777615317212 153
9.514416808533156 133
9.598547137942903 397
9.611710071374826 700
9.708189035339485 815
9.74508016344811 229
9.830020031153232 802
9.90189822428218 312
9.970507117250442 15
10.029004046943736 102
10.090405650362086 179
10.172306785832072 682
10.252723160896704 186
10.273078742085742 507
10.351492631799292 185
10.402771776366652 801
10.479317100940307 830
10.543642503679777 494
10.644340190396084 171
10.73217719400295 955
10.765575712780997 762
10.80323487938657 148
10.891852622209099 143
10.975139983245196 868
11.019626190657982 628
11.095625697721669 785
11.185981307702823 94
11.210655044141365 91
11.31586831505402 184
11.362062355380061 539
11.432765759335224 331
11.511808912001866 115
11.574297133363071 253
11.623692450471854 65
11.711627978787025 544
11.740840663076773 823
11.839142946217288 617
11.910700107259762 947
11.999978461911283 742
12.05903027372488 607
12.130768055090247 982
12.199053490525221 749
12.259457087726519 870
12.274318191955173 224
12.399259378404698 401
12.450233916105267 845
12.532489373766817 177
12.535853640429794 705
12.604676182630596 670
12.685364563054222 491
12.78105111306258 520
12.851606719083856 777
12.921112021537075 330
12.988365098106797 671
13.044656942054594 249
13.10699232351045 204
13.192226379188627 798
13.24350498465842 742
13.323300577511786 455
13.3564992228983 773
13.436270257892389 716
13.46951564042642 135
13.599014404702128 461
13.623743506586269 518
13.706071372621773 97
13.741877423748768 930
13.849813356058945 199
13.925112465306247 626
13.983451057609503 526
14.035107652574935 151
14.108930780060456 277
14.161630858191451 372
14.206566820972476 971
14.300718038414397 467
14.397955091249964 397
14.406056953231374 698
14.470120639065454 722
14.534986791575882 407
14.639540295040984 979
14.670482104012189 642
14.761944171129265 12
14.822929618485514 794
14.882553851329458 896
14.966638655130884 557
15.03049335270006 499
15.121441054395502 239
15.13922990327008 556
15.245948309247291 513
15.323873824352907 629
15.377557103391203 289
15.453461002378218 874
15.511423450728348 272
15.575417262875968 713
15.623998149243498 338
15.679091684375486 935
15.797682578792285 983
15.82240424221431 992
15.905214960235947 515
15.958235790972182 662
16.023831234659507 418
16.121107313208622 258
16.159499717880806 213
16.237447494576113 115
16.328523439900547 764
16.399692257095793 691
16.44088269492008 309
16.48654664866547 522
16.59201250561332 994
16.639741589341075 753
16.67784914493961 670
16.774170379014226 268
16.851072511544814 191
16.881952906832492 332
16.965174853083475 176
17.04612444317787 301
17.070429565662778 851
17.19557425494338 785
17.212644787486166 830
17.32839445797256 669
17.353016939529237 69
17.400320102030452 84
17.500465304776228 181
17.541261706254193 217
17.658317071208995 473
17.68210676732171 681
17.764308897028855 0
17.80998887627485 622
17.91375805128411 531
17.9804891499223 759
18.029769063721965 976
18.12726078187313 537
18.145532560682874 754
18.22566360138495 369
18.324637601350112 632
18.373205216603488 837
18.405701932606537 72
18.528108493021463 696
18.567391651507585 295
18.631225968645694 555
18.718560256943316 246
18.735106820981326 834
18.822595761391526 198
18.893525004534958 527
18.983945263639857 525
19.008567730386257 112
19.117712774483696 905
19.194503636689284 677
19.234600666753526 384
19.289728449232143 928
19.398328956802825 801
19.44926776508003 504
19.511383971341207 110
19.55609197267668 999
19.655411210655796 999
19.671566437062783 610
19.759764443694742 339
19.800914310976612 577
19.929096612038997 757
19.971303946189273 901
20.049149918966496 407
20.081232326692703 25
20.180294554280568 503
20.214213288689688 789
20.328391605645752 942
20.39131105399592 78
20.403812063430472 294
20.50058422446306 679
20.564741754067633 855
20.611271922524963 641
20.676004253041476 332
20.7452823084528 315
20.84776978420034 993
20.874616036185373 16
20.97210712288238 827
21.05081388309394 402
21.07226029733913 448
21.161413310787466 191
21.23422312404339 712
21.282649411707894 355
21.37936111510969 7
21.456414493072764 507
21.479320468429894 613
21.579134808270005 440
21.654119845458577 270
21.72920939037452 651
21.761285989623786 491
21.84544411033563 656
21.874066673905144 722
21.978376393682247 326
22.040540970887353 989
22.087794851568187 593
22.15481762145684 500
22.230546363229415 738
22.29561751479674 601
22.360156295160223 972
22.425059947751944 531
22.494596763976908 519
22.571485502037604 218
22.614484797627767 173
22.71813795655818 923
22.785916920827777 167
22.832194727210496 353
22.917966565282764 230
22.960640095318105 592
23.033251270768766 897
23.114889186614096 9
23.15164039824566 742
23.226211997484043 740
23.320734898785815 514
23.340921874481246 401
23.449541584995462 299
23.49805838344306 548
23.59237688018383 848
23.611567859610787 324
23.69887409513318 994
23.758814703036393 626
23.8297056111801 524
23.912745294731504 980
23.97969477004886 527
24.01735709437702 371
24.078808754925255 690
24.198710924086747 325
24.23115159652685 486
24.29082514996144 857
24.339445833336907 791
24.40385949235506 749
24.501721460267063 268
24.558596153229313 476
24.624109249583235 486
24.70761120793476 520
24.75836228539932 634
24.85157045082305 98
24.918977002155376 280
24.974462319462614 417
25.03654327363205 720
25.096428650553044 486
25.167379555855995 552
25.24560357097017 789
25.326216372596768 570
25.348484509901525 669
25.434394985221598 751
25.46754063985718 33
25.548371837675706 194
25.63615571866829 851
25.715482543302254 329
25.782465757223928 388
25.83060210865933 777
25.875807132256682 213
25.98861603911667 988
26.045107938795272 70
26.07642763183378 259
26.138477156977164 905
26.209760067823193 394
26.319933417850944 215
26.354320364942573 103
26.45359324523448 96
26.529611663232032 83
26.56083879130062 828
26.64465851113676 800
26.716156786184484 237
26.778132672733786 913
26.83762969781489 628
26.919814269942446 731
26.973096304102576 638
27.017641362487012 528
27.132485187148593 329
27.16172802805825 5
27.254740804605174 71
27.332524317159297 792
27.379608174213008 105
27.417462243983397 728
27.528300825005314 862
27.547005381684045 314
27.618149836689067 452
27.688452483897063 186
27.791303351082313 817
27.850526109849365 396
27.90618975896742 191
27.949536504598193 51
28.023340022573883 108
28.120769161528386 314
28.197431663984293 950
28.2626912090592 785
28.30661274691296 400
28.39043438236921 130
28.419172553381788 464
28.525046413706264 313
28.561745350802916 751
28.644424259241624 883
28.678315501293962 413
28.799103396778612 124
28.847114480669227 314
28.930269798045366 10
28.974808808143457 946
29.017053136645362 787
29.1126024589724 83
29.136546866605304 842
29.226784702155932 756
29.28984364927011 737
29.360379655087318 311
29.427438863555157 582
29.52817485933556 562
29.551659329921744 341
29.644065594559745 476
29.684528053346643 638
29.748492257409342 685
29.822177325471447 537
29.901170115728426 337
29.999670580600547 547
30.038041730795143 138
30.103411395479277 433
30.182976821645497 508
30.23471290265676 695
30.27376598830406 104
30.333488860582317 707
30.411690904829854 349
30.49641565772605 38
30.569752482702654 125
30.625302373424393 711
30.70054730208561 95
30.76546537352092 922
30.808746951365393 593
30.87656517534267 524
30.965603117178535 656
31.02970038256947 374
31.131594195070235 182
31.14293073387107 816
31.204852200867848 551
31.282105438219048 898
31.349900179417975 791
31.401695102984373 393
31.524289645080515 3
31.59781528786098 903
31.601050897065925 877
31.691654171887848 76
31.741268367644103 891
31.861011362202106 359
31.91649373921951 280
31.943701264619357 697
32.01903549538246 655
32.097523415960566 987
32.141138852447504 18
32.23944471980051 154
32.29527820935237 718
32.389776385009114 377
32.40258213841276 567
32.49817974179024 983
32.54420365296797 762
32.647361033844774 905
32.70709072707627 104
32.7499353043092 71
32.85827411106563 319
32.90115539482449 900
32.98655358450474 415
33.04863167711714 940
33.090823395687146 154
33.16940830224608 113
33.26663692545487 124
33.29984844897562 691
33.35612537677635 420
33.413966868557175 133
33.49574067561302 437
33.564829834739136 800
33.6339272575793 141
33.73296211960246 941
33.73636415758746 844
33.805948297230316 266
33.88564725128146 998
33.974128400774674 617
34.03928423137674 978
34.13267198580301 760
34.17714207870386 904
34.2508480452424 424
34.30544640958681 130
34.37219102127503 232
34.42240585706538 689
34.46693379051758 572
34.59438006132004 944
34.63026519419804 824
34.687792208543954 653
34.73766286575335 433
34.84310857722315 975
34.871199164486434 211
34.98783716445102 58
35.01419271857861 78
35.125895236395465 281
35.13406055678446 721
35.258442174817326 716
35.28904410309952 879
35.334164812261825 24
35.458886033430005 651
35.527785698927865 903
35.57695037229672 334
35.63711388735912 355
35.72251685747405 538
35.77305877550143 996
35.822117400908745 29
35.891205390765016 637
35.95367340119949 371
36.058279649980875 19
36.08951739991853 145
36.15672930114577 263
36.20968040063284 337
36.30447509872821 303
36.36291079149907 990
36.45248768226169 125
36.52561298388709 944
36.57765327762235 912
36.65347028224896 394
36.730805862705964 670
36.787227194076586 858
36.8245916355187 770
36.876746165823434 441
36.991318577824046 956
37.00250603150453 711
37.09367183582079 155
37.154461874346005 163
37.208291175964796 483
37.314255778149295 526
37.36975221946611 778
37.44575630107214 740
37.46903083908226 190
37.57648250988225 634
37.603441791706196 764
37.7301115709027 129
37.78476545491906 477
37.80277791776 291
37.90431847586155 409
37.93706382686989 203
38.05955424415914 914
38.11878527000868 243
38.19260008170956 612
38.21392423404736 131
38.301472031229075 250
38.370096503142705 217
38.432302390498315 72
38.50912987410473 89
38.55906423074829 425
38.61603838296663 237
38.72190374266999 158
38.74145003186564 82
38.85194631120801 222
38.900418905310225 737
38.953335906438774 651
39.039001462459346 972
39.10258909183609 749
39.16139607257479 569
39.24388551622652 679
39.33074372166457 584
39.39341722270542 58
39.41046284728721 166
39.51192570065599 689
39.55299142701912 380
39.60743865739157 722
39.668669162649856 301
39.73970199320508 31
39.83961154372095 107
39.92792868184639 174
39.980804082455776 255
40.04786056511662 682
40.07437932889033 563
40.150882378487054 969
40.22680980061272 13
40.320011755339635 998
40.39048032484278 978
40.40881869316931 456
40.49629063791709 930
40.55414143698406 231
40.630693171149545 773
40.69998661701435 344
40.77600244681862 836
40.8270152976698 240
40.87331965090478 221
40.97513378422943 443
41.001673962917856 17
41.12022338180206 238
41.15668641499978 455
41.24491929037364 188
41.29839293567311 99
41.340999398073016 498
41.421227745552514 984
41.48641328055895 242
41.556016123970366 967
41.649361441152024 828
41.687262831268704 11
41.77667852017492 216
41.84285461412613 543
41.90052291291955 227
41.93538797712318 887
42.02305134766986 706
42.128091072667715 442
42.1894381964672 330
42.223989719524496 201
42.2961003208717 92
42.377474425205044 797
42.45742522651172 597
42.48278264537404 378
42.56646814953695 196
42.648240196468436 858
42.706820156546584 297
42.779478055610284 749
42.809815529520414 448
42.8856423169324 761
42.97279952186337 842
43.03464703928689 433
43.07859493446135 706
43.153301196124076 6
43.22920936914404 502
43.289129505747866 999
43.393891211475356 807
43.425077883412335 561
43.48461733319364 184
43.55615976067464 824
43.66170129481846 182
43.696971554140994 988
43.78612592025632 359
43.8628882283763 668
43.88720693906059 317
43.98716198362345 965
44.008485061520915 229
44.09829505303876 602
44.197366260911615 518
44.214960017142765 209
44.28457624323162 605
44.364023431080476 280
44.414181409577004 457
44.5265582881711 897
44.53672413141843 28
44.614442464970594 40
44.70408501818253 275
44.76585505085908 355
44.83929810805092 569
44.88093998934778 975
44.996946665056385 260
45.011643567530996 256
45.11092736901359 655
45.19399565353717 842
45.216609800906454 838
45.31479807613326 293
45.39839243596181 632
45.434902488213915 686
45.467132251389735 992
45.57471601444274 144
45.62602178548531 68
45.6726250316204 314
45.743313619632495 378
45.821124818962204 362
45.899488020395246 311
45.974695995483685 885
46.06040345044839 123
46.08398479482342 563
46.146328899459895 233
46.21104542659797 311
46.26730556684339 870
46.36646361963143 623
46.458837818855805 360
46.48196833358723 38
46.539462820792046 682
46.65029451826893 107
46.6761580168861 1
46.7641028442848 727
46.82271658315542 952
46.88302174791327 195
46.969248120084245 259
47.048303197834024 117
47.1100393561893 143
47.187072165974456 764
47.262428761052405 957
47.32326752755652 514
47.39951465055062 588
47.44628293678703 665
47.49582780831928 590
47.55362824482658 233
47.63612139042019 37
47.695434562943284 428
47.74803018809138 203
47.808133475463634 813
47.875065134907594 27
47.94874823129614 379
48.011214192596896 343
48.075366889459715 432
48.19200444741995 799
48.24776163133718 373
48.30875131582207 475
48.37295428444263 955
48.40509213387683 149
48.47167774767084 887
48.57085120972871 21
48.655463974896115 934
48.67629034264075 213
48.758991227437335 64
48.82699557276904 246
48.8825915477081 139
48.997386788106176 792
49.02003311131411 901
49.1273983318621 324
49.14805342113834 493
49.25678895177269 7
49.29875850243738 258
49.382119267471815 894
49.46518170714473 232
49.47188190934767 207
49.54864592489171 174
49.62143450838885 118
49.69742406652983 180
49.74867251994209 672
49.842619963235215 337
49.87011173642471 417
49.96634029036825 842
50.013902447432756 613
50.118379717412935 157
50.163290706035184 435
50.22074451466576 331
50.31788076942933 149
50.38696954981339 22
50.404462496209156 751
50.478485490161354 593
50.586841368312356 392
50.64637842639687 943
50.70476389988749 98
50.75939589716576 723
50.81434023024688 493
50.926537948098726 571
50.96210495567502 767
51.0322093795979 329
51.11953398032917 903
51.1877366013103 229
51.25630131000568 431
51.31673275955087 153
51.37504294902772 415
51.448900171918595 37
51.52328719336036 439
51.54788809281255 37
51.622210514360596 868
51.673752053782245 408
51.768329590588664 332
51.818647014475516 331
51.895428166672346 975
51.970533644251965 442
52.04543123750415 458
52.12156865256777 280
52.14643018466987 699
52.200997210806754 402
52.33140631646426 376
52.383114532901956 760
52.41549236870305 282
52.5236695685292 842
52.54183657705434 56
52.65959980443174 885
52.722173429134585 722
52.782437601017755 139
52.82545700852833 315
52.899292039167655 274
52.93795148760564 373
53.03579748263096 849
53.10646119855789 898
53.181487256290154 493
53.21262573828206 296
53.27006808330124 416
53.36353026652228 224
53.46236992979188 630
53.489594199104886 579
53.55755017375966 754
53.60264109247663 308
53.713383384867655 247
53.75746000797485 550
53.80469632286973 275
53.89692278431646 538
53.95394136232115 898
54.02036364846406 37
54.08981325679146 644
54.183153399104846 290
54.2621345120179 408
54.32861435786499 394
54.37591180883701 648
54.44286201375257 408
54.53245263291892 516
54.54102007371423 296
54.60393757522849 887
54.69815601335609 83
54.75857186690114 508
54.83200253981978 647
54.88393762970258 541
54.963186805499376 811
55.00435456221619 416
55.12946855589673 899
55.139883152590826 358
55.24291402709333 426
55.28874537653656 1
55.35428411740573 991
55.418304355025356 344
55.49596901038277 483
55.58387927358447 368
55.62131788110539 351
55.70599053314237 21
55.79885102726879 288
55.85972909352196 706
55.90909505823518 762
55.972777597157936 868
56.05510488605094 358
56.08458812757713 484
56.141968306934736 134
56.2241926365851 442
56.32934086076348 644
56.37247345940337 952
56.4486628128585 293
56.501712993242 938
56.5989078519935 625
56.65230791076367 851
56.66884109007232 300
56.765847321370615 911
56.80578305922552 60
56.93127591844758 161
56.97450337679061 629
57.0233378754844 378
57.09431998684023 678
57.146793741057834 823
57.26659442264331 506
57.2726548232423 709
57.39321610220907 250
57.44112112971432 51
57.50492130778734 57
57.59036775028687 243
57.635195656041326 525
57.675095174826154 91
57.7819855376623 799
57.854324663494275 313
57.88468357832367 960
57.963738309992365 961
58.037307053594446 380
58.111191236298055 837
58.17786324061118 931
58.239823349232374 183
58.28510382537189 421
58.399773867809394 513
58.439779303448475 853
58.52073634954363 923
58.54641610242416 985
58.61559928809174 797
58.668173537303446 39
58.7903216733775 857
58.80001491691917 971
58.89833882668571 263
58.955258311080065 815
59.01427361354557 568
59.085921208635234 205
59.151026702198884 655
59.21816268801643 912
59.28746396591291 532
59.34708748157348 654
59.40843366216302 395
59.50764500670509 95
59.549065762173264 367
59.60955237977068 58
59.66851616000514 60
59.747293415773534 497
59.84677524501839 635
59.888089544654505 838
59.96662181356629 219
60.059397268421954 472
60.08413122121029 296
60.133412780518455 671
60.212107135377984 36
60.332990971783396 797
60.343125110168685 397
60.42353962446558 888
60.500184744113774 61
60.54472964633931 697
60.618520338426805 278
60.722582107013416 737
60.794427647286476 779
60.81785942457582 636
60.91004831174747 402
60.973113022595626 567
61.05763887212739 922
61.081993013429475 647
61.15570390634542 198
61.236225788574544 990
61.324925568444066 7
61.39654992784085 645
61.4144684642224 307
61.47413547006017 578
61.537602316973874 252
61.66321898838142 229
61.696309788309414 464
61.7394517816969 69
61.85541847505672 199
61.88708847533621 323
61.96657223473394 124
62.027011321068116 98
62.11028027429308 743
62.18139840765672 636
62.211826049211126 76
62.320430199344784 87
62.35379985057005 132
62.44622328919148 737
62.50146932572168 484
62.599832017932385 850
62.62095499775113 10
62.67227400284535 475
62.75273534430274 20
62.80448106709436 986
62.87748161282772 10
62.94935459730851 62
63.04407827391052 682
63.07739226815457 254
63.17456691008584 613
63.23655510589562 129
63.2766417034582 903
63.39960898775963 625
63.46014518429503 678
63.522862125410164 258
63.57473279624034 168
63.60240650450456 12
63.691423845028176 795
63.737173111935846 999
63.845297158782515 210
63.9069869087045 158
63.981948777786506 104
64.05681494351154 431
64.1169747173156 18
64.17553329340966 374
64.22960932308445 192
64.30115735514481 96
64.33403206150543 128
64.45183128213588 649
64.49783081410732 193
64.5391342221291 874
64.6375542581555 822
64.72254711362626 39
64.75644459984508 195
64.83025536556512 505
64.92293924282322 890
64.93496770219636 767
65.01762487029507 524
65.07161537426876 928
65.18179644382491 900
65.23497873892954 634
65.28605972072421 68
65.33854903381811 9
65.46292524718675 110
65.5064928633851 557
65.56536044065369 88
65.6538020358073 954
65.6985470862257 719
65.74477717740342 895
65.81607939059019 533
65.92236249672878 562
65.99808816849297 114
66.0536287728877 42
66.09336593941707 331
66.18587357150768 186
66.23788317123999 633
66.2706946042403 78
66.36029659357277 827
66.46105185555393 927
66.47881134443031 88
66.57513861445943 281
66.62294928985754 783
